StartTime;LastResetTime;CurrentTime;ElapsedTime(P);ElapsedTime(C);TargetRate;CallRate(P);CallRate(C);IncomingCall(P);IncomingCall(C);OutgoingCall(P);OutgoingCall(C);TotalCallCreated;CurrentCall;SuccessfulCall(P);SuccessfulCall(C);FailedCall(P);FailedCall(C);FailedCannotSendMessage(P);FailedCannotSendMessage(C);FailedMaxUDPRetrans(P);FailedMaxUDPRetrans(C);FailedTcpConnect(P);FailedTcpConnect(C);FailedTcpClosed(P);FailedTcpClosed(C);FailedUnexpectedMessage(P);FailedUnexpectedMessage(C);FailedCallRejected(P);FailedCallRejected(C);FailedCmdNotSent(P);FailedCmdNotSent(C);FailedRegexpDoesntMatch(P);FailedRegexpDoesntMatch(C);FailedRegexpShouldntMatch(P);FailedRegexpShouldntMatch(C);FailedRegexpHdrNotFound(P);FailedRegexpHdrNotFound(C);FailedOutboundCongestion(P);FailedOutboundCongestion(C);FailedTimeoutOnRecv(P);FailedTimeoutOnRecv(C);FailedTimeoutOnSend(P);FailedTimeoutOnSend(C);OutOfCallMsgs(P);OutOfCallMsgs(C);DeadCallMsgs(P);DeadCallMsgs(C);Retransmissions(P);Retransmissions(C);AutoAnswered(P);AutoAnswered(C);Warnings(P);Warnings(C);FatalErrors(P);FatalErrors(C);WatchdogMajor(P);WatchdogMajor(C);WatchdogMinor(P);WatchdogMinor(C);CallLength(P);CallLength(C);CallLengthStDev(P);CallLengthStDev(C);
2016-10-05	11:51:50.281480	1475657510.281480;2016-10-05	11:51:50.281480	1475657510.281480;2016-10-05	11:51:50.282487	1475657510.282487;00:00:00;00:00:00;10;0;0;0;0;0;0;0;0;0;0;0;0;0;0;0;0;0;0;0;0;0;0;0;0;0;0;0;0;0;0;0;0;0;0;0;0;0;0;0;0;0;0;0;0;0;0;1;1;0;0;0;0;0;0;00:00:00:000000;00:00:00:000000;00:00:00:000000;00:00:00:000000;
2016-10-05	11:51:50.281480	1475657510.281480;2016-10-05	11:51:50.282569	1475657510.282569;2016-10-05	11:51:51.284506	1475657511.284506;00:00:01;00:00:01;10;0;0;0;0;0;0;0;0;0;0;0;0;0;0;0;0;0;0;0;0;0;0;0;0;0;0;0;0;0;0;0;0;0;0;0;0;0;0;0;0;0;0;0;0;0;0;0;1;0;0;0;0;0;0;00:00:00:000000;00:00:00:000000;00:00:00:000000;00:00:00:000000;
2016-10-05	11:51:50.281480	1475657510.281480;2016-10-05	11:51:51.284634	1475657511.284634;2016-10-05	11:51:52.286579	1475657512.286579;00:00:01;00:00:02;10;49.9501;24.9377;50;50;0;0;50;50;0;0;0;0;0;0;0;0;0;0;0;0;0;0;0;0;0;0;0;0;0;0;0;0;0;0;0;0;0;0;0;0;0;0;0;0;0;0;0;1;0;0;0;0;0;0;00:00:00:000000;00:00:00:000000;00:00:00:000000;00:00:00:000000;
2016-10-05	11:51:50.281480	1475657510.281480;2016-10-05	11:51:52.286616	1475657512.286616;2016-10-05	11:51:53.288605	1475657513.288605;00:00:01;00:00:03;10;49.9501;33.2557;50;100;0;0;100;100;0;0;0;0;0;0;0;0;0;0;0;0;0;0;0;0;0;0;0;0;0;0;0;0;0;0;0;0;0;0;0;0;0;0;0;0;0;0;0;1;0;0;0;0;0;0;00:00:00:000000;00:00:00:000000;00:00:00:000000;00:00:00:000000;
2016-10-05	11:51:50.281480	1475657510.281480;2016-10-05	11:51:53.288642	1475657513.288642;2016-10-05	11:51:54.290591	1475657514.290591;00:00:01;00:00:04;10;49.9501;37.4158;50;150;0;0;150;150;0;0;0;0;0;0;0;0;0;0;0;0;0;0;0;0;0;0;0;0;0;0;0;0;0;0;0;0;0;0;0;0;0;0;0;0;0;0;0;1;0;0;0;0;0;0;00:00:00:000000;00:00:00:000000;00:00:00:000000;00:00:00:000000;
2016-10-05	11:51:50.281480	1475657510.281480;2016-10-05	11:51:54.290628	1475657514.290628;2016-10-05	11:51:55.293370	1475657515.293370;00:00:01;00:00:05;10;50.8982;40.1118;51;201;0;0;201;201;0;0;0;0;0;0;0;0;0;0;0;0;0;0;0;0;0;0;0;0;0;0;0;0;0;0;0;0;0;0;0;0;0;0;0;0;0;0;0;1;0;0;0;0;0;0;00:00:00:000000;00:00:00:000000;00:00:00:000000;00:00:00:000000;
2016-10-05	11:51:50.281480	1475657510.281480;2016-10-05	11:51:55.293417	1475657515.293417;2016-10-05	11:51:56.295357	1475657516.295357;00:00:01;00:00:06;10;49.9501;41.7429;50;251;0;0;251;251;0;0;0;0;0;0;0;0;0;0;0;0;0;0;0;0;0;0;0;0;0;0;0;0;0;0;0;0;0;0;0;0;0;0;0;0;0;0;0;1;0;0;0;0;0;0;00:00:00:000000;00:00:00:000000;00:00:00:000000;00:00:00:000000;
2016-10-05	11:51:50.281480	1475657510.281480;2016-10-05	11:51:56.295405	1475657516.295405;2016-10-05	11:51:57.296887	1475657517.296887;00:00:01;00:00:07;10;49.9501;42.9081;50;301;0;0;301;301;0;0;0;0;0;0;0;0;0;0;0;0;0;0;0;0;0;0;0;0;0;0;0;0;0;0;0;0;0;0;0;0;0;0;0;0;0;0;0;1;0;0;0;0;0;0;00:00:00:000000;00:00:00:000000;00:00:00:000000;00:00:00:000000;
2016-10-05	11:51:50.281480	1475657510.281480;2016-10-05	11:51:57.296921	1475657517.296921;2016-10-05	11:51:58.298839	1475657518.298839;00:00:01;00:00:08;10;49.9501;43.782;50;351;0;0;351;351;0;0;0;0;0;0;0;0;0;0;0;0;0;0;0;0;0;0;0;0;0;0;0;0;0;0;0;0;0;0;0;0;0;0;0;0;0;0;0;1;0;0;0;0;0;0;00:00:00:000000;00:00:00:000000;00:00:00:000000;00:00:00:000000;
2016-10-05	11:51:50.281480	1475657510.281480;2016-10-05	11:51:58.298878	1475657518.298878;2016-10-05	11:51:59.301217	1475657519.301217;00:00:01;00:00:09;10;49.9002;44.4617;50;401;0;0;401;401;0;0;0;0;0;0;0;0;0;0;0;0;0;0;0;0;0;0;0;0;0;0;0;0;0;0;0;0;0;0;0;0;0;0;0;0;0;0;0;1;0;0;0;0;0;0;00:00:00:000000;00:00:00:000000;00:00:00:000000;00:00:00:000000;
2016-10-05	11:51:50.281480	1475657510.281480;2016-10-05	11:51:59.301266	1475657519.301266;2016-10-05	11:52:00.303413	1475657520.303413;00:00:01;00:00:10;10;49.9002;45.0055;50;451;0;0;451;451;0;0;0;0;0;0;0;0;0;0;0;0;0;0;0;0;0;0;0;0;0;0;0;0;0;0;0;0;0;0;0;0;0;0;0;0;0;0;0;1;0;0;0;0;0;0;00:00:00:000000;00:00:00:000000;00:00:00:000000;00:00:00:000000;
2016-10-05	11:51:50.281480	1475657510.281480;2016-10-05	11:52:00.303447	1475657520.303447;2016-10-05	11:52:01.304432	1475657521.304432;00:00:01;00:00:11;10;50;45.4545;50;501;0;0;501;501;0;0;0;0;0;0;0;0;0;0;0;0;0;0;0;0;0;0;0;0;0;0;0;0;0;0;0;0;0;0;0;0;0;0;0;0;0;0;0;1;0;0;0;0;0;0;00:00:00:000000;00:00:00:000000;00:00:00:000000;00:00:00:000000;
2016-10-05	11:51:50.281480	1475657510.281480;2016-10-05	11:52:01.304470	1475657521.304470;2016-10-05	11:52:02.305765	1475657522.305765;00:00:01;00:00:12;10;49.9501;45.825;50;551;0;0;551;551;0;0;0;0;0;0;0;0;0;0;0;0;0;0;0;0;0;0;0;0;0;0;0;0;0;0;0;0;0;0;0;0;0;0;0;0;0;0;0;1;0;0;0;0;0;0;00:00:00:000000;00:00:00:000000;00:00:00:000000;00:00:00:000000;
2016-10-05	11:51:50.281480	1475657510.281480;2016-10-05	11:52:02.305804	1475657522.305804;2016-10-05	11:52:03.307940	1475657523.307940;00:00:01;00:00:13;10;49.9002;46.1385;50;601;0;0;601;601;0;0;0;0;0;0;0;0;0;0;0;0;0;0;0;0;0;0;0;0;0;0;0;0;0;0;0;0;0;0;0;0;0;0;0;0;0;0;0;1;0;0;0;0;0;0;00:00:00:000000;00:00:00:000000;00:00:00:000000;00:00:00:000000;
2016-10-05	11:51:50.281480	1475657510.281480;2016-10-05	11:52:03.307975	1475657523.307975;2016-10-05	11:52:04.309001	1475657524.309001;00:00:01;00:00:14;10;49.9501;46.4105;50;651;0;0;651;651;0;0;0;0;0;0;0;0;0;0;0;0;0;0;0;0;0;0;0;0;0;0;0;0;0;0;0;0;0;0;0;0;0;0;0;0;0;0;0;1;0;0;0;0;0;0;00:00:00:000000;00:00:00:000000;00:00:00:000000;00:00:00:000000;
2016-10-05	11:51:50.281480	1475657510.281480;2016-10-05	11:52:04.309038	1475657524.309038;2016-10-05	11:52:05.310723	1475657525.310723;00:00:01;00:00:15;10;50.9491;46.7097;51;702;0;0;702;702;0;0;0;0;0;0;0;0;0;0;0;0;0;0;0;0;0;0;0;0;0;0;0;0;0;0;0;0;0;0;0;0;0;0;0;0;0;0;0;1;0;0;0;0;0;0;00:00:00:000000;00:00:00:000000;00:00:00:000000;00:00:00:000000;
2016-10-05	11:51:50.281480	1475657510.281480;2016-10-05	11:52:05.310772	1475657525.310772;2016-10-05	11:52:06.312292	1475657526.312292;00:00:01;00:00:16;10;49.9501;46.912;50;752;0;0;752;752;0;0;0;0;0;0;0;0;0;0;0;0;0;0;0;0;0;0;0;0;0;0;0;0;0;0;0;0;0;0;0;0;0;0;0;0;0;0;0;1;0;0;0;0;0;0;00:00:00:000000;00:00:00:000000;00:00:00:000000;00:00:00:000000;
2016-10-05	11:51:50.281480	1475657510.281480;2016-10-05	11:52:06.312328	1475657526.312328;2016-10-05	11:52:07.312987	1475657527.312987;00:00:01;00:00:17;10;50;47.0906;50;802;0;0;802;802;0;0;0;0;0;0;0;0;0;0;0;0;0;0;0;0;0;0;0;0;0;0;0;0;0;0;0;0;0;0;0;0;0;0;0;0;0;0;0;1;0;0;0;0;0;0;00:00:00:000000;00:00:00:000000;00:00:00:000000;00:00:00:000000;
2016-10-05	11:51:50.281480	1475657510.281480;2016-10-05	11:52:07.313021	1475657527.313021;2016-10-05	11:52:08.315337	1475657528.315337;00:00:01;00:00:18;10;49.9002;47.2467;50;852;0;0;852;852;0;0;0;0;0;0;0;0;0;0;0;0;0;0;0;0;0;0;0;0;0;0;0;0;0;0;0;0;0;0;0;0;0;0;0;0;0;0;0;1;0;0;0;0;0;0;00:00:00:000000;00:00:00:000000;00:00:00:000000;00:00:00:000000;
2016-10-05	11:51:50.281480	1475657510.281480;2016-10-05	11:52:08.315395	1475657528.315395;2016-10-05	11:52:09.316316	1475657529.316316;00:00:01;00:00:19;10;50;47.3889;50;902;0;0;902;902;0;0;0;0;0;0;0;0;0;0;0;0;0;0;0;0;0;0;0;0;0;0;0;0;0;0;0;0;0;0;0;0;0;0;0;0;0;0;0;1;0;0;0;0;0;0;00:00:00:000000;00:00:00:000000;00:00:00:000000;00:00:00:000000;
2016-10-05	11:51:50.281480	1475657510.281480;2016-10-05	11:52:09.316352	1475657529.316352;2016-10-05	11:52:10.317773	1475657530.317773;00:00:01;00:00:20;10;49.9501;47.5145;50;952;0;0;952;952;0;0;0;0;0;0;0;0;0;0;0;0;0;0;0;0;0;0;0;0;0;0;0;0;0;0;0;0;0;0;0;0;0;0;0;0;0;0;0;1;0;0;0;0;0;0;00:00:00:000000;00:00:00:000000;00:00:00:000000;00:00:00:000000;
2016-10-05	11:51:50.281480	1475657510.281480;2016-10-05	11:52:10.317813	1475657530.317813;2016-10-05	11:52:11.319613	1475657531.319613;00:00:01;00:00:21;10;49.9501;47.6281;50;1002;0;0;1002;1002;0;0;0;0;0;0;0;0;0;0;0;0;0;0;0;0;0;0;0;0;0;0;0;0;0;0;0;0;0;0;0;0;0;0;0;0;0;0;0;1;0;0;0;0;0;0;00:00:00:000000;00:00:00:000000;00:00:00:000000;00:00:00:000000;
2016-10-05	11:51:50.281480	1475657510.281480;2016-10-05	11:52:11.319649	1475657531.319649;2016-10-05	11:52:12.321436	1475657532.321436;00:00:01;00:00:22;10;49.9501;47.7336;50;1052;0;0;1052;1052;0;0;0;0;0;0;0;0;0;0;0;0;0;0;0;0;0;0;0;0;0;0;0;0;0;0;0;0;0;0;0;0;0;0;0;0;0;0;0;1;0;0;0;0;0;0;00:00:00:000000;00:00:00:000000;00:00:00:000000;00:00:00:000000;
2016-10-05	11:51:50.281480	1475657510.281480;2016-10-05	11:52:12.321473	1475657532.321473;2016-10-05	11:52:13.323406	1475657533.323406;00:00:01;00:00:23;10;49.9501;47.8278;50;1102;0;0;1102;1102;0;0;0;0;0;0;0;0;0;0;0;0;0;0;0;0;0;0;0;0;0;0;0;0;0;0;0;0;0;0;0;0;0;0;0;0;0;0;0;1;0;0;0;0;0;0;00:00:00:000000;00:00:00:000000;00:00:00:000000;00:00:00:000000;
2016-10-05	11:51:50.281480	1475657510.281480;2016-10-05	11:52:13.323455	1475657533.323455;2016-10-05	11:52:14.324924	1475657534.324924;00:00:01;00:00:24;10;49.9501;47.9142;50;1152;0;0;1152;1152;0;0;0;0;0;0;0;0;0;0;0;0;0;0;0;0;0;0;0;0;0;0;0;0;0;0;0;0;0;0;0;0;0;0;0;0;0;0;0;1;0;0;0;0;0;0;00:00:00:000000;00:00:00:000000;00:00:00:000000;00:00:00:000000;
2016-10-05	11:51:50.281480	1475657510.281480;2016-10-05	11:52:14.324960	1475657534.324960;2016-10-05	11:52:15.326744	1475657535.326744;00:00:01;00:00:25;10;49.9501;47.9936;50;1202;0;0;1202;1202;0;0;0;0;0;0;0;0;0;0;0;0;0;0;0;0;0;0;0;0;0;0;0;0;0;0;0;0;0;0;0;0;0;0;0;0;0;0;0;1;0;0;0;0;0;0;00:00:00:000000;00:00:00:000000;00:00:00:000000;00:00:00:000000;
2016-10-05	11:51:50.281480	1475657510.281480;2016-10-05	11:52:15.326777	1475657535.326777;2016-10-05	11:52:16.328355	1475657536.328355;00:00:01;00:00:26;10;49.9501;48.0688;50;1252;0;0;1252;1252;0;0;0;0;0;0;0;0;0;0;0;0;0;0;0;0;0;0;0;0;0;0;0;0;0;0;0;0;0;0;0;0;0;0;0;0;0;0;0;1;0;0;0;0;0;0;00:00:00:000000;00:00:00:000000;00:00:00:000000;00:00:00:000000;
2016-10-05	11:51:50.281480	1475657510.281480;2016-10-05	11:52:16.328389	1475657536.328389;2016-10-05	11:52:17.328747	1475657537.328747;00:00:01;00:00:27;10;50;48.1384;50;1302;0;0;1302;1302;0;0;0;0;0;0;0;0;0;0;0;0;0;0;0;0;0;0;0;0;0;0;0;0;0;0;0;0;0;0;0;0;0;0;0;0;0;0;0;1;0;0;0;0;0;0;00:00:00:000000;00:00:00:000000;00:00:00:000000;00:00:00:000000;
2016-10-05	11:51:50.281480	1475657510.281480;2016-10-05	11:52:17.328785	1475657537.328785;2016-10-05	11:52:18.331326	1475657538.331326;00:00:01;00:00:28;10;49.9002;48.2014;50;1352;0;0;1352;1352;0;0;0;0;0;0;0;0;0;0;0;0;0;0;0;0;0;0;0;0;0;0;0;0;0;0;0;0;0;0;0;0;0;0;0;0;0;0;0;1;0;0;0;0;0;0;00:00:00:000000;00:00:00:000000;00:00:00:000000;00:00:00:000000;
2016-10-05	11:51:50.281480	1475657510.281480;2016-10-05	11:52:18.331399	1475657538.331399;2016-10-05	11:52:19.332379	1475657539.332379;00:00:01;00:00:29;10;51;48.296;51;1403;0;0;1403;1403;0;0;0;0;0;0;0;0;0;0;0;0;0;0;0;0;0;0;0;0;0;0;0;0;0;0;0;0;0;0;0;0;0;0;0;0;0;0;0;1;0;0;0;0;0;0;00:00:00:000000;00:00:00:000000;00:00:00:000000;00:00:00:000000;
2016-10-05	11:51:50.281480	1475657510.281480;2016-10-05	11:52:19.332412	1475657539.332412;2016-10-05	11:52:20.333180	1475657540.333180;00:00:01;00:00:30;10;50;48.3511;50;1453;0;0;1453;1453;0;0;0;0;0;0;0;0;0;0;0;0;0;0;0;0;0;0;0;0;0;0;0;0;0;0;0;0;0;0;0;0;0;0;0;0;0;0;0;1;0;0;0;0;0;0;00:00:00:000000;00:00:00:000000;00:00:00:000000;00:00:00:000000;
2016-10-05	11:51:50.281480	1475657510.281480;2016-10-05	11:52:20.333224	1475657540.333224;2016-10-05	11:52:21.334497	1475657541.334497;00:00:01;00:00:31;10;49.9501;48.4011;50;1503;0;0;1503;1503;0;0;0;0;0;0;0;0;0;0;0;0;0;0;0;0;0;0;0;0;0;0;0;0;0;0;0;0;0;0;0;0;0;0;0;0;0;0;0;1;0;0;0;0;0;0;00:00:00:000000;00:00:00:000000;00:00:00:000000;00:00:00:000000;
2016-10-05	11:51:50.281480	1475657510.281480;2016-10-05	11:52:21.334535	1475657541.334535;2016-10-05	11:52:22.336813	1475657542.336813;00:00:01;00:00:32;10;49.9002;48.448;50;1553;0;0;1553;1553;0;0;0;0;0;0;0;0;0;0;0;0;0;0;0;0;0;0;0;0;0;0;0;0;0;0;0;0;0;0;0;0;0;0;0;0;0;0;0;1;0;0;0;0;0;0;00:00:00:000000;00:00:00:000000;00:00:00:000000;00:00:00:000000;
2016-10-05	11:51:50.281480	1475657510.281480;2016-10-05	11:52:22.336847	1475657542.336847;2016-10-05	11:52:23.339325	1475657543.339325;00:00:01;00:00:33;10;49.9002;48.492;50;1603;0;0;1603;1603;0;0;0;0;0;0;0;0;0;0;0;0;0;0;0;0;0;0;0;0;0;0;0;0;0;0;0;0;0;0;0;0;0;0;0;0;0;0;0;1;0;0;0;0;0;0;00:00:00:000000;00:00:00:000000;00:00:00:000000;00:00:00:000000;
2016-10-05	11:51:50.281480	1475657510.281480;2016-10-05	11:52:23.339391	1475657543.339391;2016-10-05	11:52:24.340571	1475657544.340571;00:00:01;00:00:34;10;49.9501;48.5334;50;1653;0;0;1653;1653;0;0;0;0;0;0;0;0;0;0;0;0;0;0;0;0;0;0;0;0;0;0;0;0;0;0;0;0;0;0;0;0;0;0;0;0;0;0;0;1;0;0;0;0;0;0;00:00:00:000000;00:00:00:000000;00:00:00:000000;00:00:00:000000;
2016-10-05	11:51:50.281480	1475657510.281480;2016-10-05	11:52:24.340605	1475657544.340605;2016-10-05	11:52:25.342607	1475657545.342607;00:00:01;00:00:35;10;49.9002;48.5725;50;1703;0;0;1703;1703;0;0;0;0;0;0;0;0;0;0;0;0;0;0;0;0;0;0;0;0;0;0;0;0;0;0;0;0;0;0;0;0;0;0;0;0;0;0;0;1;0;0;0;0;0;0;00:00:00:000000;00:00:00:000000;00:00:00:000000;00:00:00:000000;
2016-10-05	11:51:50.281480	1475657510.281480;2016-10-05	11:52:25.342644	1475657545.342644;2016-10-05	11:52:26.343612	1475657546.343612;00:00:01;00:00:36;10;50;48.6107;50;1753;0;0;1753;1753;0;0;0;0;0;0;0;0;0;0;0;0;0;0;0;0;0;0;0;0;0;0;0;0;0;0;0;0;0;0;0;0;0;0;0;0;0;0;0;1;0;0;0;0;0;0;00:00:00:000000;00:00:00:000000;00:00:00:000000;00:00:00:000000;
2016-10-05	11:51:50.281480	1475657510.281480;2016-10-05	11:52:26.343648	1475657546.343648;2016-10-05	11:52:27.344484	1475657547.344484;00:00:01;00:00:37;10;50;48.6469;50;1803;0;0;1803;1803;0;0;0;0;0;0;0;0;0;0;0;0;0;0;0;0;0;0;0;0;0;0;0;0;0;0;0;0;0;0;0;0;0;0;0;0;0;0;0;1;0;0;0;0;0;0;00:00:00:000000;00:00:00:000000;00:00:00:000000;00:00:00:000000;
2016-10-05	11:51:50.281480	1475657510.281480;2016-10-05	11:52:27.344518	1475657547.344518;2016-10-05	11:52:28.345815	1475657548.345815;00:00:01;00:00:38;10;49.9501;48.6812;50;1853;0;0;1853;1853;0;0;0;0;0;0;0;0;0;0;0;0;0;0;0;0;0;0;0;0;0;0;0;0;0;0;0;0;0;0;0;0;0;0;0;0;0;0;0;1;0;0;0;0;0;0;00:00:00:000000;00:00:00:000000;00:00:00:000000;00:00:00:000000;
2016-10-05	11:51:50.281480	1475657510.281480;2016-10-05	11:52:28.345850	1475657548.345850;2016-10-05	11:52:29.347784	1475657549.347784;00:00:01;00:00:39;10;49.9501;48.7124;50;1903;0;0;1903;1903;0;0;0;0;0;0;0;0;0;0;0;0;0;0;0;0;0;0;0;0;0;0;0;0;0;0;0;0;0;0;0;0;0;0;0;0;0;0;0;1;0;0;0;0;0;0;00:00:00:000000;00:00:00:000000;00:00:00:000000;00:00:00:000000;
2016-10-05	11:51:50.281480	1475657510.281480;2016-10-05	11:52:29.347820	1475657549.347820;2016-10-05	11:52:30.349874	1475657550.349874;00:00:01;00:00:40;10;50.8982;48.7671;51;1954;0;0;1954;1954;0;0;0;0;0;0;0;0;0;0;0;0;0;0;0;0;0;0;0;0;0;0;0;0;0;0;0;0;0;0;0;0;0;0;0;0;0;0;0;1;0;0;0;0;0;0;00:00:00:000000;00:00:00:000000;00:00:00:000000;00:00:00:000000;
2016-10-05	11:51:50.281480	1475657510.281480;2016-10-05	11:52:30.349908	1475657550.349908;2016-10-05	11:52:31.352328	1475657551.352328;00:00:01;00:00:41;10;49.9002;48.7947;50;2004;0;0;2004;2004;0;0;0;0;0;0;0;0;0;0;0;0;0;0;0;0;0;0;0;0;0;0;0;0;0;0;0;0;0;0;0;0;0;0;0;0;0;0;0;1;0;0;0;0;0;0;00:00:00:000000;00:00:00:000000;00:00:00:000000;00:00:00:000000;
2016-10-05	11:51:50.281480	1475657510.281480;2016-10-05	11:52:31.352363	1475657551.352363;2016-10-05	11:52:32.352530	1475657552.352530;00:00:01;00:00:42;10;50;48.8222;50;2054;0;0;2054;2054;0;0;0;0;0;0;0;0;0;0;0;0;0;0;0;0;0;0;0;0;0;0;0;0;0;0;0;0;0;0;0;0;0;0;0;0;0;0;0;1;0;0;0;0;0;0;00:00:00:000000;00:00:00:000000;00:00:00:000000;00:00:00:000000;
2016-10-05	11:51:50.281480	1475657510.281480;2016-10-05	11:52:32.352563	1475657552.352563;2016-10-05	11:52:33.354673	1475657553.354673;00:00:01;00:00:43;10;49.9002;48.8473;50;2104;0;0;2104;2104;0;0;0;0;0;0;0;0;0;0;0;0;0;0;0;0;0;0;0;0;0;0;0;0;0;0;0;0;0;0;0;0;0;0;0;0;0;0;0;1;0;0;0;0;0;0;00:00:00:000000;00:00:00:000000;00:00:00:000000;00:00:00:000000;
2016-10-05	11:51:50.281480	1475657510.281480;2016-10-05	11:52:33.354712	1475657553.354712;2016-10-05	11:52:34.355745	1475657554.355745;00:00:01;00:00:44;10;49.9501;48.8724;50;2154;0;0;2154;2154;0;0;0;0;0;0;0;0;0;0;0;0;0;0;0;0;0;0;0;0;0;0;0;0;0;0;0;0;0;0;0;0;0;0;0;0;0;0;0;1;0;0;0;0;0;0;00:00:00:000000;00:00:00:000000;00:00:00:000000;00:00:00:000000;
2016-10-05	11:51:50.281480	1475657510.281480;2016-10-05	11:52:34.355782	1475657554.355782;2016-10-05	11:52:35.357421	1475657555.357421;00:00:01;00:00:45;10;49.9501;48.8963;50;2204;0;0;2204;2204;0;0;0;0;0;0;0;0;0;0;0;0;0;0;0;0;0;0;0;0;0;0;0;0;0;0;0;0;0;0;0;0;0;0;0;0;0;0;0;1;0;0;0;0;0;0;00:00:00:000000;00:00:00:000000;00:00:00:000000;00:00:00:000000;
2016-10-05	11:51:50.281480	1475657510.281480;2016-10-05	11:52:35.357454	1475657555.357454;2016-10-05	11:52:36.359169	1475657556.359169;00:00:01;00:00:46;10;49.9501;48.9181;50;2254;0;0;2254;2254;0;0;0;0;0;0;0;0;0;0;0;0;0;0;0;0;0;0;0;0;0;0;0;0;0;0;0;0;0;0;0;0;0;0;0;0;0;0;0;1;0;0;0;0;0;0;00:00:00:000000;00:00:00:000000;00:00:00:000000;00:00:00:000000;
2016-10-05	11:51:50.281480	1475657510.281480;2016-10-05	11:52:36.359203	1475657556.359203;2016-10-05	11:52:37.359746	1475657557.359746;00:00:01;00:00:47;10;50;48.9401;50;2304;0;0;2304;2304;0;0;0;0;0;0;0;0;0;0;0;0;0;0;0;0;0;0;0;0;0;0;0;0;0;0;0;0;0;0;0;0;0;0;0;0;0;0;0;1;0;0;0;0;0;0;00:00:00:000000;00:00:00:000000;00:00:00:000000;00:00:00:000000;
2016-10-05	11:51:50.281480	1475657510.281480;2016-10-05	11:52:37.359783	1475657557.359783;2016-10-05	11:52:38.362084	1475657558.362084;00:00:01;00:00:48;10;49.9002;48.9601;50;2354;0;0;2354;2354;0;0;0;0;0;0;0;0;0;0;0;0;0;0;0;0;0;0;0;0;0;0;0;0;0;0;0;0;0;0;0;0;0;0;0;0;0;0;0;1;0;0;0;0;0;0;00:00:00:000000;00:00:00:000000;00:00:00:000000;00:00:00:000000;
2016-10-05	11:51:50.281480	1475657510.281480;2016-10-05	11:52:38.362129	1475657558.362129;2016-10-05	11:52:39.363779	1475657559.363779;00:00:01;00:00:49;10;49.9501;48.9793;50;2404;0;0;2404;2404;0;0;0;0;0;0;0;0;0;0;0;0;0;0;0;0;0;0;0;0;0;0;0;0;0;0;0;0;0;0;0;0;0;0;0;0;0;0;0;1;0;0;0;0;0;0;00:00:00:000000;00:00:00:000000;00:00:00:000000;00:00:00:000000;
2016-10-05	11:51:50.281480	1475657510.281480;2016-10-05	11:52:39.363816	1475657559.363816;2016-10-05	11:52:40.364994	1475657560.364994;00:00:01;00:00:50;10;49.9501;48.9987;50;2454;0;0;2454;2454;0;0;0;0;0;0;0;0;0;0;0;0;0;0;0;0;0;0;0;0;0;0;0;0;0;0;0;0;0;0;0;0;0;0;0;0;0;0;0;1;0;0;0;0;0;0;00:00:00:000000;00:00:00:000000;00:00:00:000000;00:00:00:000000;
2016-10-05	11:51:50.281480	1475657510.281480;2016-10-05	11:52:40.365054	1475657560.365054;2016-10-05	11:52:41.365768	1475657561.365768;00:00:01;00:00:51;10;50;49.0173;50;2504;0;0;2504;2504;0;0;0;0;0;0;0;0;0;0;0;0;0;0;0;0;0;0;0;0;0;0;0;0;0;0;0;0;0;0;0;0;0;0;0;0;0;0;0;1;0;0;0;0;0;0;00:00:00:000000;00:00:00:000000;00:00:00:000000;00:00:00:000000;
2016-10-05	11:51:50.281480	1475657510.281480;2016-10-05	11:52:41.365806	1475657561.365806;2016-10-05	11:52:42.367453	1475657562.367453;00:00:01;00:00:52;10;49.9501;49.0352;50;2554;0;0;2554;2554;0;0;0;0;0;0;0;0;0;0;0;0;0;0;0;0;0;0;0;0;0;0;0;0;0;0;0;0;0;0;0;0;0;0;0;0;0;0;0;1;0;0;0;0;0;0;00:00:00:000000;00:00:00:000000;00:00:00:000000;00:00:00:000000;
2016-10-05	11:51:50.281480	1475657510.281480;2016-10-05	11:52:42.367487	1475657562.367487;2016-10-05	11:52:43.369049	1475657563.369049;00:00:01;00:00:53;10;49.9501;49.0516;50;2604;0;0;2604;2604;0;0;0;0;0;0;0;0;0;0;0;0;0;0;0;0;0;0;0;0;0;0;0;0;0;0;0;0;0;0;0;0;0;0;0;0;0;0;0;1;0;0;0;0;0;0;00:00:00:000000;00:00:00:000000;00:00:00:000000;00:00:00:000000;
2016-10-05	11:51:50.281480	1475657510.281480;2016-10-05	11:52:43.369153	1475657563.369153;2016-10-05	11:52:44.371340	1475657564.371340;00:00:01;00:00:54;10;50.8982;49.0858;51;2655;0;0;2655;2655;0;0;0;0;0;0;0;0;0;0;0;0;0;0;0;0;0;0;0;0;0;0;0;0;0;0;0;0;0;0;0;0;0;0;0;0;0;0;0;1;0;0;0;0;0;0;00:00:00:000000;00:00:00:000000;00:00:00:000000;00:00:00:000000;
2016-10-05	11:51:50.281480	1475657510.281480;2016-10-05	11:52:44.371389	1475657564.371389;2016-10-05	11:52:45.372837	1475657565.372837;00:00:01;00:00:55;10;49.9501;49.1006;50;2705;0;0;2705;2705;0;0;0;0;0;0;0;0;0;0;0;0;0;0;0;0;0;0;0;0;0;0;0;0;0;0;0;0;0;0;0;0;0;0;0;0;0;0;0;1;0;0;0;0;0;0;00:00:00:000000;00:00:00:000000;00:00:00:000000;00:00:00:000000;
2016-10-05	11:51:50.281480	1475657510.281480;2016-10-05	11:52:45.372897	1475657565.372897;2016-10-05	11:52:46.374616	1475657566.374616;00:00:01;00:00:56;10;49.9501;49.1149;50;2755;0;0;2755;2755;0;0;0;0;0;0;0;0;0;0;0;0;0;0;0;0;0;0;0;0;0;0;0;0;0;0;0;0;0;0;0;0;0;0;0;0;0;0;0;1;0;0;0;0;0;0;00:00:00:000000;00:00:00:000000;00:00:00:000000;00:00:00:000000;
2016-10-05	11:51:50.281480	1475657510.281480;2016-10-05	11:52:46.374649	1475657566.374649;2016-10-05	11:52:47.376887	1475657567.376887;00:00:01;00:00:57;10;49.9002;49.1286;50;2805;0;0;2805;2805;0;0;0;0;0;0;0;0;0;0;0;0;0;0;0;0;0;0;0;0;0;0;0;0;0;0;0;0;0;0;0;0;0;0;0;0;0;0;0;1;0;0;0;0;0;0;00:00:00:000000;00:00:00:000000;00:00:00:000000;00:00:00:000000;
2016-10-05	11:51:50.281480	1475657510.281480;2016-10-05	11:52:47.376921	1475657567.376921;2016-10-05	11:52:48.379133	1475657568.379133;00:00:01;00:00:58;10;49.9002;49.142;50;2855;0;0;2855;2855;0;0;0;0;0;0;0;0;0;0;0;0;0;0;0;0;0;0;0;0;0;0;0;0;0;0;0;0;0;0;0;0;0;0;0;0;0;0;0;1;0;0;0;0;0;0;00:00:00:000000;00:00:00:000000;00:00:00:000000;00:00:00:000000;
2016-10-05	11:51:50.281480	1475657510.281480;2016-10-05	11:52:48.379168	1475657568.379168;2016-10-05	11:52:49.380898	1475657569.380898;00:00:01;00:00:59;10;49.9501;49.1548;50;2905;0;0;2905;2905;0;0;0;0;0;0;0;0;0;0;0;0;0;0;0;0;0;0;0;0;0;0;0;0;0;0;0;0;0;0;0;0;0;0;0;0;0;0;0;1;0;0;0;0;0;0;00:00:00:000000;00:00:00:000000;00:00:00:000000;00:00:00:000000;
2016-10-05	11:51:50.281480	1475657510.281480;2016-10-05	11:52:49.380933	1475657569.380933;2016-10-05	11:52:50.383202	1475657570.383202;00:00:01;00:01:00;10;49.9002;49.1672;50;2955;0;0;2955;2955;0;0;0;0;0;0;0;0;0;0;0;0;0;0;0;0;0;0;0;0;0;0;0;0;0;0;0;0;0;0;0;0;0;0;0;0;0;0;0;1;0;0;0;0;0;0;00:00:00:000000;00:00:00:000000;00:00:00:000000;00:00:00:000000;
2016-10-05	11:51:50.281480	1475657510.281480;2016-10-05	11:52:50.383237	1475657570.383237;2016-10-05	11:52:51.384077	1475657571.384077;00:00:01;00:01:01;10;45;49.0982;45;3000;0;0;3000;3000;0;0;0;0;0;0;0;0;0;0;0;0;0;0;0;0;0;0;0;0;0;0;0;0;0;0;0;0;0;0;0;0;0;0;0;0;0;0;0;1;0;0;0;0;0;0;00:00:00:000000;00:00:00:000000;00:00:00:000000;00:00:00:000000;
2016-10-05	11:51:50.281480	1475657510.281480;2016-10-05	11:52:51.384111	1475657571.384111;2016-10-05	11:52:52.386034	1475657572.386034;00:00:01;00:01:02;10;0;48.3061;0;3000;0;0;3000;3000;0;0;0;0;0;0;0;0;0;0;0;0;0;0;0;0;0;0;0;0;0;0;0;0;0;0;0;0;0;0;0;0;0;0;0;0;0;0;0;1;0;0;0;0;0;0;00:00:00:000000;00:00:00:000000;00:00:00:000000;00:00:00:000000;
2016-10-05	11:51:50.281480	1475657510.281480;2016-10-05	11:52:52.386102	1475657572.386102;2016-10-05	11:52:53.386432	1475657573.386432;00:00:01;00:01:03;10;0;47.5406;0;3000;0;0;3000;3000;0;0;0;0;0;0;0;0;0;0;0;0;0;0;0;0;0;0;0;0;0;0;0;0;0;0;0;0;0;0;0;0;0;0;0;0;0;0;0;1;0;0;0;0;0;0;00:00:00:000000;00:00:00:000000;00:00:00:000000;00:00:00:000000;
2016-10-05	11:51:50.281480	1475657510.281480;2016-10-05	11:52:53.386467	1475657573.386467;2016-10-05	11:52:54.388442	1475657574.388442;00:00:01;00:01:04;10;0;46.7975;0;3000;0;0;3000;3000;0;0;0;0;0;0;0;0;0;0;0;0;0;0;0;0;0;0;0;0;0;0;0;0;0;0;0;0;0;0;0;0;0;0;0;0;0;0;0;1;0;0;0;0;0;0;00:00:00:000000;00:00:00:000000;00:00:00:000000;00:00:00:000000;
2016-10-05	11:51:50.281480	1475657510.281480;2016-10-05	11:52:54.388519	1475657574.388519;2016-10-05	11:52:55.391048	1475657575.391048;00:00:01;00:01:05;10;0;46.0766;0;3000;0;0;3000;3000;0;0;0;0;0;0;0;0;0;0;0;0;0;0;0;0;0;0;0;0;0;0;0;0;0;0;0;0;0;0;0;0;0;0;0;0;0;0;0;1;0;0;0;0;0;0;00:00:00:000000;00:00:00:000000;00:00:00:000000;00:00:00:000000;
2016-10-05	11:51:50.281480	1475657510.281480;2016-10-05	11:52:55.391162	1475657575.391162;2016-10-05	11:52:56.391608	1475657576.391608;00:00:01;00:01:06;10;0;45.3789;0;3000;0;0;3000;3000;0;0;0;0;0;0;0;0;0;0;0;0;0;0;0;0;0;0;0;0;0;0;0;0;0;0;0;0;0;0;0;0;0;0;0;0;0;0;0;1;0;0;0;0;0;0;00:00:00:000000;00:00:00:000000;00:00:00:000000;00:00:00:000000;
2016-10-05	11:51:50.281480	1475657510.281480;2016-10-05	11:52:56.391643	1475657576.391643;2016-10-05	11:52:57.392966	1475657577.392966;00:00:01;00:01:07;10;0;44.7021;0;3000;0;0;3000;3000;0;0;0;0;0;0;0;0;0;0;0;0;0;0;0;0;0;0;0;0;0;0;0;0;0;0;0;0;0;0;0;0;0;0;0;0;0;0;0;1;0;0;0;0;0;0;00:00:00:000000;00:00:00:000000;00:00:00:000000;00:00:00:000000;
2016-10-05	11:51:50.281480	1475657510.281480;2016-10-05	11:52:57.393005	1475657577.393005;2016-10-05	11:52:58.394844	1475657578.394844;00:00:01;00:01:08;10;0;44.0445;0;3000;0;0;3000;3000;0;0;0;0;0;0;0;0;0;0;0;0;0;0;0;0;0;0;0;0;0;0;0;0;0;0;0;0;0;0;0;0;0;0;0;0;0;0;0;1;0;0;0;0;0;0;00:00:00:000000;00:00:00:000000;00:00:00:000000;00:00:00:000000;
2016-10-05	11:51:50.281480	1475657510.281480;2016-10-05	11:52:58.394949	1475657578.394949;2016-10-05	11:52:59.396765	1475657579.396765;00:00:01;00:01:09;10;0;43.4059;0;3000;0;0;3000;3000;0;0;0;0;0;0;0;0;0;0;0;0;0;0;0;0;0;0;0;0;0;0;0;0;0;0;0;0;0;0;0;0;0;0;0;0;0;0;0;1;0;0;0;0;0;0;00:00:00:000000;00:00:00:000000;00:00:00:000000;00:00:00:000000;
2016-10-05	11:51:50.281480	1475657510.281480;2016-10-05	11:52:59.396850	1475657579.396850;2016-10-05	11:53:00.398890	1475657580.398890;00:00:01;00:01:10;10;0;42.7856;0;3000;0;0;3000;3000;0;0;0;0;0;0;0;0;0;0;0;0;0;0;0;0;0;0;0;0;0;0;0;0;0;0;0;0;0;0;0;0;0;0;0;0;0;0;0;1;0;0;0;0;0;0;00:00:00:000000;00:00:00:000000;00:00:00:000000;00:00:00:000000;
2016-10-05	11:51:50.281480	1475657510.281480;2016-10-05	11:53:00.399021	1475657580.399021;2016-10-05	11:53:01.399809	1475657581.399809;00:00:01;00:01:11;10;0;42.1834;0;3000;0;0;3000;3000;0;0;0;0;0;0;0;0;0;0;0;0;0;0;0;0;0;0;0;0;0;0;0;0;0;0;0;0;0;0;0;0;0;0;0;0;0;0;0;1;0;0;0;0;0;0;00:00:00:000000;00:00:00:000000;00:00:00:000000;00:00:00:000000;
2016-10-05	11:51:50.281480	1475657510.281480;2016-10-05	11:53:01.399884	1475657581.399884;2016-10-05	11:53:02.400757	1475657582.400757;00:00:01;00:01:12;10;0;41.5979;0;3000;0;0;3000;3000;0;0;0;0;0;0;0;0;0;0;0;0;0;0;0;0;0;0;0;0;0;0;0;0;0;0;0;0;0;0;0;0;0;0;0;0;0;0;0;1;0;0;0;0;0;0;00:00:00:000000;00:00:00:000000;00:00:00:000000;00:00:00:000000;
2016-10-05	11:51:50.281480	1475657510.281480;2016-10-05	11:53:02.400816	1475657582.400816;2016-10-05	11:53:03.402278	1475657583.402278;00:00:01;00:01:13;10;0;41.0284;0;3000;0;0;3000;3000;0;0;0;0;0;0;0;0;0;0;0;0;0;0;0;0;0;0;0;0;0;0;0;0;0;0;0;0;0;0;0;0;0;0;0;0;0;0;0;1;0;0;0;0;0;0;00:00:00:000000;00:00:00:000000;00:00:00:000000;00:00:00:000000;
2016-10-05	11:51:50.281480	1475657510.281480;2016-10-05	11:53:03.402314	1475657583.402314;2016-10-05	11:53:04.402788	1475657584.402788;00:00:01;00:01:14;10;0;40.4744;0;3000;0;0;3000;3000;0;0;0;0;0;0;0;0;0;0;0;0;0;0;0;0;0;0;0;0;0;0;0;0;0;0;0;0;0;0;0;0;0;0;0;0;0;0;0;1;0;0;0;0;0;0;00:00:00:000000;00:00:00:000000;00:00:00:000000;00:00:00:000000;
2016-10-05	11:51:50.281480	1475657510.281480;2016-10-05	11:53:04.402851	1475657584.402851;2016-10-05	11:53:05.404465	1475657585.404465;00:00:01;00:01:15;10;0;39.935;0;3000;0;0;3000;3000;0;0;0;0;0;0;0;0;0;0;0;0;0;0;0;0;0;0;0;0;0;0;0;0;0;0;0;0;0;0;0;0;0;0;0;0;0;0;0;1;0;0;0;0;0;0;00:00:00:000000;00:00:00:000000;00:00:00:000000;00:00:00:000000;
2016-10-05	11:51:50.281480	1475657510.281480;2016-10-05	11:53:05.404501	1475657585.404501;2016-10-05	11:53:06.407418	1475657586.407418;00:00:01;00:01:16;10;0;39.4089;0;3000;0;0;3000;3000;0;0;0;0;0;0;0;0;0;0;0;0;0;0;0;0;0;0;0;0;0;0;0;0;0;0;0;0;0;0;0;0;0;0;0;0;0;0;0;1;0;0;0;0;0;0;00:00:00:000000;00:00:00:000000;00:00:00:000000;00:00:00:000000;
2016-10-05	11:51:50.281480	1475657510.281480;2016-10-05	11:53:06.407454	1475657586.407454;2016-10-05	11:53:07.408804	1475657587.408804;00:00:01;00:01:17;10;0;38.8969;0;3000;0;0;3000;3000;0;0;0;0;0;0;0;0;0;0;0;0;0;0;0;0;0;0;0;0;0;0;0;0;0;0;0;0;0;0;0;0;0;0;0;0;0;0;0;1;0;0;0;0;0;0;00:00:00:000000;00:00:00:000000;00:00:00:000000;00:00:00:000000;
2016-10-05	11:51:50.281480	1475657510.281480;2016-10-05	11:53:07.408844	1475657587.408844;2016-10-05	11:53:08.409958	1475657588.409958;00:00:01;00:01:18;10;0;38.3985;0;3000;0;0;3000;3000;0;0;0;0;0;0;0;0;0;0;0;0;0;0;0;0;0;0;0;0;0;0;0;0;0;0;0;0;0;0;0;0;0;0;0;0;0;0;0;1;0;0;0;0;0;0;00:00:00:000000;00:00:00:000000;00:00:00:000000;00:00:00:000000;
2016-10-05	11:51:50.281480	1475657510.281480;2016-10-05	11:53:08.409999	1475657588.409999;2016-10-05	11:53:09.411304	1475657589.411304;00:00:01;00:01:19;10;0;37.9128;0;3000;0;0;3000;3000;0;0;0;0;0;0;0;0;0;0;0;0;0;0;0;0;0;0;0;0;0;0;0;0;0;0;0;0;0;0;0;0;0;0;0;0;0;0;0;1;0;0;0;0;0;0;00:00:00:000000;00:00:00:000000;00:00:00:000000;00:00:00:000000;
2016-10-05	11:51:50.281480	1475657510.281480;2016-10-05	11:53:09.411355	1475657589.411355;2016-10-05	11:53:10.412147	1475657590.412147;00:00:01;00:01:20;10;0;37.4392;0;3000;0;0;3000;3000;0;0;0;0;0;0;0;0;0;0;0;0;0;0;0;0;0;0;0;0;0;0;0;0;0;0;0;0;0;0;0;0;0;0;0;0;0;0;0;1;0;0;0;0;0;0;00:00:00:000000;00:00:00:000000;00:00:00:000000;00:00:00:000000;
2016-10-05	11:51:50.281480	1475657510.281480;2016-10-05	11:53:10.412182	1475657590.412182;2016-10-05	11:53:11.412959	1475657591.412959;00:00:01;00:01:21;10;0;36.9772;0;3000;0;0;3000;3000;0;0;0;0;0;0;0;0;0;0;0;0;0;0;0;0;0;0;0;0;0;0;0;0;0;0;0;0;0;0;0;0;0;0;0;0;0;0;0;1;0;0;0;0;0;0;00:00:00:000000;00:00:00:000000;00:00:00:000000;00:00:00:000000;
2016-10-05	11:51:50.281480	1475657510.281480;2016-10-05	11:53:11.413016	1475657591.413016;2016-10-05	11:53:12.415062	1475657592.415062;00:00:01;00:01:22;10;0;36.5261;0;3000;0;0;3000;3000;0;0;0;0;0;0;0;0;0;0;0;0;0;0;0;0;0;0;0;0;0;0;0;0;0;0;0;0;0;0;0;0;0;0;0;0;0;0;0;1;0;0;0;0;0;0;00:00:00:000000;00:00:00:000000;00:00:00:000000;00:00:00:000000;
2016-10-05	11:51:50.281480	1475657510.281480;2016-10-05	11:53:12.415098	1475657592.415098;2016-10-05	11:53:13.415455	1475657593.415455;00:00:01;00:01:23;10;0;36.0868;0;3000;0;0;3000;3000;0;0;0;0;0;0;0;0;0;0;0;0;0;0;0;0;0;0;0;0;0;0;0;0;0;0;0;0;0;0;0;0;0;0;0;0;0;0;0;1;0;0;0;0;0;0;00:00:00:000000;00:00:00:000000;00:00:00:000000;00:00:00:000000;
2016-10-05	11:51:50.281480	1475657510.281480;2016-10-05	11:53:13.415490	1475657593.415490;2016-10-05	11:53:14.417763	1475657594.417763;00:00:01;00:01:24;10;0;35.6566;0;3000;0;0;3000;3000;0;0;0;0;0;0;0;0;0;0;0;0;0;0;0;0;0;0;0;0;0;0;0;0;0;0;0;0;0;0;0;0;0;0;0;0;0;0;0;1;0;0;0;0;0;0;00:00:00:000000;00:00:00:000000;00:00:00:000000;00:00:00:000000;
2016-10-05	11:51:50.281480	1475657510.281480;2016-10-05	11:53:14.417797	1475657594.417797;2016-10-05	11:53:15.419091	1475657595.419091;00:00:01;00:01:25;10;0;35.2373;0;3000;0;0;3000;3000;0;0;0;0;0;0;0;0;0;0;0;0;0;0;0;0;0;0;0;0;0;0;0;0;0;0;0;0;0;0;0;0;0;0;0;0;0;0;0;1;0;0;0;0;0;0;00:00:00:000000;00:00:00:000000;00:00:00:000000;00:00:00:000000;
2016-10-05	11:51:50.281480	1475657510.281480;2016-10-05	11:53:15.419142	1475657595.419142;2016-10-05	11:53:16.420933	1475657596.420933;00:00:01;00:01:26;10;0;34.8274;0;3000;0;0;3000;3000;0;0;0;0;0;0;0;0;0;0;0;0;0;0;0;0;0;0;0;0;0;0;0;0;0;0;0;0;0;0;0;0;0;0;0;0;0;0;0;1;0;0;0;0;0;0;00:00:00:000000;00:00:00:000000;00:00:00:000000;00:00:00:000000;
2016-10-05	11:51:50.281480	1475657510.281480;2016-10-05	11:53:16.420969	1475657596.420969;2016-10-05	11:53:17.423073	1475657597.423073;00:00:01;00:01:27;10;0;34.427;0;3000;0;0;3000;3000;0;0;0;0;0;0;0;0;0;0;0;0;0;0;0;0;0;0;0;0;0;0;0;0;0;0;0;0;0;0;0;0;0;0;0;0;0;0;0;1;0;0;0;0;0;0;00:00:00:000000;00:00:00:000000;00:00:00:000000;00:00:00:000000;
2016-10-05	11:51:50.281480	1475657510.281480;2016-10-05	11:53:17.423108	1475657597.423108;2016-10-05	11:53:18.423642	1475657598.423642;00:00:01;00:01:28;10;0;34.036;0;3000;0;0;3000;3000;0;0;0;0;0;0;0;0;0;0;0;0;0;0;0;0;0;0;0;0;0;0;0;0;0;0;0;0;0;0;0;0;0;0;0;0;0;0;0;1;0;0;0;0;0;0;00:00:00:000000;00:00:00:000000;00:00:00:000000;00:00:00:000000;
2016-10-05	11:51:50.281480	1475657510.281480;2016-10-05	11:53:18.423678	1475657598.423678;2016-10-05	11:53:19.425161	1475657599.425161;00:00:01;00:01:29;10;0;33.6538;0;3000;0;0;3000;3000;0;0;0;0;0;0;0;0;0;0;0;0;0;0;0;0;0;0;0;0;0;0;0;0;0;0;0;0;0;0;0;0;0;0;0;0;0;0;0;1;0;0;0;0;0;0;00:00:00:000000;00:00:00:000000;00:00:00:000000;00:00:00:000000;
2016-10-05	11:51:50.281480	1475657510.281480;2016-10-05	11:53:19.425198	1475657599.425198;2016-10-05	11:53:20.426329	1475657600.426329;00:00:01;00:01:30;10;0;33.2801;0;3000;0;0;3000;3000;0;0;0;0;0;0;0;0;0;0;0;0;0;0;0;0;0;0;0;0;0;0;0;0;0;0;0;0;0;0;0;0;0;0;0;0;0;0;0;1;0;0;0;0;0;0;00:00:00:000000;00:00:00:000000;00:00:00:000000;00:00:00:000000;
2016-10-05	11:51:50.281480	1475657510.281480;2016-10-05	11:53:20.426437	1475657600.426437;2016-10-05	11:53:21.428396	1475657601.428396;00:00:01;00:01:31;10;0;32.9142;0;3000;0;0;3000;3000;0;0;0;0;0;0;0;0;0;0;0;0;0;0;0;0;0;0;0;0;0;0;0;0;0;0;0;0;0;0;0;0;0;0;0;0;0;0;0;1;0;0;0;0;0;0;00:00:00:000000;00:00:00:000000;00:00:00:000000;00:00:00:000000;
2016-10-05	11:51:50.281480	1475657510.281480;2016-10-05	11:53:21.428436	1475657601.428436;2016-10-05	11:53:22.429388	1475657602.429388;00:00:01;00:01:32;10;0;32.5567;0;3000;0;0;3000;3000;0;0;0;0;0;0;0;0;0;0;0;0;0;0;0;0;0;0;0;0;0;0;0;0;0;0;0;0;0;0;0;0;0;0;0;0;0;0;0;1;0;0;0;0;0;0;00:00:00:000000;00:00:00:000000;00:00:00:000000;00:00:00:000000;
2016-10-05	11:51:50.281480	1475657510.281480;2016-10-05	11:53:22.429425	1475657602.429425;2016-10-05	11:53:23.429904	1475657603.429904;00:00:01;00:01:33;10;0;32.2068;0;3000;0;0;3000;3000;0;0;0;0;0;0;0;0;0;0;0;0;0;0;0;0;0;0;0;0;0;0;0;0;0;0;0;0;0;0;0;0;0;0;0;0;0;0;0;1;0;0;0;0;0;0;00:00:00:000000;00:00:00:000000;00:00:00:000000;00:00:00:000000;
2016-10-05	11:51:50.281480	1475657510.281480;2016-10-05	11:53:23.429940	1475657603.429940;2016-10-05	11:53:24.431848	1475657604.431848;00:00:01;00:01:34;10;0;31.864;0;3000;0;0;3000;3000;0;0;0;0;0;0;0;0;0;0;0;0;0;0;0;0;0;0;0;0;0;0;0;0;0;0;0;0;0;0;0;0;0;0;0;0;0;0;0;1;0;0;0;0;0;0;00:00:00:000000;00:00:00:000000;00:00:00:000000;00:00:00:000000;
2016-10-05	11:51:50.281480	1475657510.281480;2016-10-05	11:53:24.431935	1475657604.431935;2016-10-05	11:53:25.433125	1475657605.433125;00:00:01;00:01:35;10;0;31.5288;0;3000;0;0;3000;3000;0;0;0;0;0;0;0;0;0;0;0;0;0;0;0;0;0;0;0;0;0;0;0;0;0;0;0;0;0;0;0;0;0;0;0;0;0;0;0;1;0;0;0;0;0;0;00:00:00:000000;00:00:00:000000;00:00:00:000000;00:00:00:000000;
2016-10-05	11:51:50.281480	1475657510.281480;2016-10-05	11:53:25.433241	1475657605.433241;2016-10-05	11:53:26.434978	1475657606.434978;00:00:01;00:01:36;10;0;31.2003;0;3000;0;0;3000;3000;0;0;0;0;0;0;0;0;0;0;0;0;0;0;0;0;0;0;0;0;0;0;0;0;0;0;0;0;0;0;0;0;0;0;0;0;0;0;0;1;0;0;0;0;0;0;00:00:00:000000;00:00:00:000000;00:00:00:000000;00:00:00:000000;
2016-10-05	11:51:50.281480	1475657510.281480;2016-10-05	11:53:26.435037	1475657606.435037;2016-10-05	11:53:27.436426	1475657607.436426;00:00:01;00:01:37;10;0;30.8788;0;3000;0;0;3000;3000;0;0;0;0;0;0;0;0;0;0;0;0;0;0;0;0;0;0;0;0;0;0;0;0;0;0;0;0;0;0;0;0;0;0;0;0;0;0;0;1;0;0;0;0;0;0;00:00:00:000000;00:00:00:000000;00:00:00:000000;00:00:00:000000;
2016-10-05	11:51:50.281480	1475657510.281480;2016-10-05	11:53:27.436462	1475657607.436462;2016-10-05	11:53:28.439164	1475657608.439164;00:00:01;00:01:38;10;0;30.5633;0;3000;0;0;3000;3000;0;0;0;0;0;0;0;0;0;0;0;0;0;0;0;0;0;0;0;0;0;0;0;0;0;0;0;0;0;0;0;0;0;0;0;0;0;0;0;1;0;0;0;0;0;0;00:00:00:000000;00:00:00:000000;00:00:00:000000;00:00:00:000000;
2016-10-05	11:51:50.281480	1475657510.281480;2016-10-05	11:53:28.439200	1475657608.439200;2016-10-05	11:53:29.439441	1475657609.439441;00:00:01;00:01:39;10;0;30.2551;0;3000;0;0;3000;3000;0;0;0;0;0;0;0;0;0;0;0;0;0;0;0;0;0;0;0;0;0;0;0;0;0;0;0;0;0;0;0;0;0;0;0;0;0;0;0;1;0;0;0;0;0;0;00:00:00:000000;00:00:00:000000;00:00:00:000000;00:00:00:000000;
2016-10-05	11:51:50.281480	1475657510.281480;2016-10-05	11:53:29.439476	1475657609.439476;2016-10-05	11:53:30.440903	1475657610.440903;00:00:01;00:01:40;10;0;29.9524;0;3000;0;0;3000;3000;0;0;0;0;0;0;0;0;0;0;0;0;0;0;0;0;0;0;0;0;0;0;0;0;0;0;0;0;0;0;0;0;0;0;0;0;0;0;0;1;0;0;0;0;0;0;00:00:00:000000;00:00:00:000000;00:00:00:000000;00:00:00:000000;
2016-10-05	11:51:50.281480	1475657510.281480;2016-10-05	11:53:30.441017	1475657610.441017;2016-10-05	11:53:31.442337	1475657611.442337;00:00:01;00:01:41;10;0;29.656;0;3000;0;0;3000;3000;0;0;0;0;0;0;0;0;0;0;0;0;0;0;0;0;0;0;0;0;0;0;0;0;0;0;0;0;0;0;0;0;0;0;0;0;0;0;0;1;0;0;0;0;0;0;00:00:00:000000;00:00:00:000000;00:00:00:000000;00:00:00:000000;
2016-10-05	11:51:50.281480	1475657510.281480;2016-10-05	11:53:31.442395	1475657611.442395;2016-10-05	11:53:32.443060	1475657612.443060;00:00:01;00:01:42;10;0;29.3654;0;3000;0;0;3000;3000;0;0;0;0;0;0;0;0;0;0;0;0;0;0;0;0;0;0;0;0;0;0;0;0;0;0;0;0;0;0;0;0;0;0;0;0;0;0;0;1;0;0;0;0;0;0;00:00:00:000000;00:00:00:000000;00:00:00:000000;00:00:00:000000;
2016-10-05	11:51:50.281480	1475657510.281480;2016-10-05	11:53:32.443172	1475657612.443172;2016-10-05	11:53:33.445284	1475657613.445284;00:00:01;00:01:43;10;0;29.0802;0;3000;0;0;3000;3000;0;0;0;0;0;0;0;0;0;0;0;0;0;0;0;0;0;0;0;0;0;0;0;0;0;0;0;0;0;0;0;0;0;0;0;0;0;0;0;1;0;0;0;0;0;0;00:00:00:000000;00:00:00:000000;00:00:00:000000;00:00:00:000000;
2016-10-05	11:51:50.281480	1475657510.281480;2016-10-05	11:53:33.445412	1475657613.445412;2016-10-05	11:53:34.445588	1475657614.445588;00:00:01;00:01:44;10;0;28.8007;0;3000;0;0;3000;3000;0;0;0;0;0;0;0;0;0;0;0;0;0;0;0;0;0;0;0;0;0;0;0;0;0;0;0;0;0;0;0;0;0;0;0;0;0;0;0;1;0;0;0;0;0;0;00:00:00:000000;00:00:00:000000;00:00:00:000000;00:00:00:000000;
2016-10-05	11:51:50.281480	1475657510.281480;2016-10-05	11:53:34.445651	1475657614.445651;2016-10-05	11:53:35.446584	1475657615.446584;00:00:01;00:01:45;10;0;28.5266;0;3000;0;0;3000;3000;0;0;0;0;0;0;0;0;0;0;0;0;0;0;0;0;0;0;0;0;0;0;0;0;0;0;0;0;0;0;0;0;0;0;0;0;0;0;0;1;0;0;0;0;0;0;00:00:00:000000;00:00:00:000000;00:00:00:000000;00:00:00:000000;
2016-10-05	11:51:50.281480	1475657510.281480;2016-10-05	11:53:35.446620	1475657615.446620;2016-10-05	11:53:36.448960	1475657616.448960;00:00:01;00:01:46;10;0;28.2574;0;3000;0;0;3000;3000;0;0;0;0;0;0;0;0;0;0;0;0;0;0;0;0;0;0;0;0;0;0;0;0;0;0;0;0;0;0;0;0;0;0;0;0;0;0;0;1;0;0;0;0;0;0;00:00:00:000000;00:00:00:000000;00:00:00:000000;00:00:00:000000;
2016-10-05	11:51:50.281480	1475657510.281480;2016-10-05	11:53:36.449028	1475657616.449028;2016-10-05	11:53:37.449755	1475657617.449755;00:00:01;00:01:47;10;0;27.9934;0;3000;0;0;3000;3000;0;0;0;0;0;0;0;0;0;0;0;0;0;0;0;0;0;0;0;0;0;0;0;0;0;0;0;0;0;0;0;0;0;0;0;0;0;0;0;1;0;0;0;0;0;0;00:00:00:000000;00:00:00:000000;00:00:00:000000;00:00:00:000000;
2016-10-05	11:51:50.281480	1475657510.281480;2016-10-05	11:53:37.449790	1475657617.449790;2016-10-05	11:53:38.451030	1475657618.451030;00:00:01;00:01:48;10;0;27.7344;0;3000;0;0;3000;3000;0;0;0;0;0;0;0;0;0;0;0;0;0;0;0;0;0;0;0;0;0;0;0;0;0;0;0;0;0;0;0;0;0;0;0;0;0;0;0;1;0;0;0;0;0;0;00:00:00:000000;00:00:00:000000;00:00:00:000000;00:00:00:000000;
2016-10-05	11:51:50.281480	1475657510.281480;2016-10-05	11:53:38.451105	1475657618.451105;2016-10-05	11:53:39.452490	1475657619.452490;00:00:01;00:01:49;10;0;27.4798;0;3000;0;0;3000;3000;0;0;0;0;0;0;0;0;0;0;0;0;0;0;0;0;0;0;0;0;0;0;0;0;0;0;0;0;0;0;0;0;0;0;0;0;0;0;0;1;0;0;0;0;0;0;00:00:00:000000;00:00:00:000000;00:00:00:000000;00:00:00:000000;
2016-10-05	11:51:50.281480	1475657510.281480;2016-10-05	11:53:39.452540	1475657619.452540;2016-10-05	11:53:40.454772	1475657620.454772;00:00:01;00:01:50;10;0;27.2299;0;3000;0;0;3000;3000;0;0;0;0;0;0;0;0;0;0;0;0;0;0;0;0;0;0;0;0;0;0;0;0;0;0;0;0;0;0;0;0;0;0;0;0;0;0;0;1;0;0;0;0;0;0;00:00:00:000000;00:00:00:000000;00:00:00:000000;00:00:00:000000;
2016-10-05	11:51:50.281480	1475657510.281480;2016-10-05	11:53:40.454903	1475657620.454903;2016-10-05	11:53:41.455770	1475657621.455770;00:00:01;00:01:51;10;0;26.9847;0;3000;0;0;3000;3000;0;0;0;0;0;0;0;0;0;0;0;0;0;0;0;0;0;0;0;0;0;0;0;0;0;0;0;0;0;0;0;0;0;0;0;0;0;0;0;1;0;0;0;0;0;0;00:00:00:000000;00:00:00:000000;00:00:00:000000;00:00:00:000000;
2016-10-05	11:51:50.281480	1475657510.281480;2016-10-05	11:53:41.455826	1475657621.455826;2016-10-05	11:53:42.456745	1475657622.456745;00:00:01;00:01:52;10;0;26.7439;0;3000;0;0;3000;3000;0;0;0;0;0;0;0;0;0;0;0;0;0;0;0;0;0;0;0;0;0;0;0;0;0;0;0;0;0;0;0;0;0;0;0;0;0;0;0;1;0;0;0;0;0;0;00:00:00:000000;00:00:00:000000;00:00:00:000000;00:00:00:000000;
2016-10-05	11:51:50.281480	1475657510.281480;2016-10-05	11:53:42.456791	1475657622.456791;2016-10-05	11:53:43.457785	1475657623.457785;00:00:01;00:01:53;10;0;26.5074;0;3000;0;0;3000;3000;0;0;0;0;0;0;0;0;0;0;0;0;0;0;0;0;0;0;0;0;0;0;0;0;0;0;0;0;0;0;0;0;0;0;0;0;0;0;0;1;0;0;0;0;0;0;00:00:00:000000;00:00:00:000000;00:00:00:000000;00:00:00:000000;
2016-10-05	11:51:50.281480	1475657510.281480;2016-10-05	11:53:43.457847	1475657623.457847;2016-10-05	11:53:44.459273	1475657624.459273;00:00:01;00:01:54;10;0;26.275;0;3000;0;0;3000;3000;0;0;0;0;0;0;0;0;0;0;0;0;0;0;0;0;0;0;0;0;0;0;0;0;0;0;0;0;0;0;0;0;0;0;0;0;0;0;0;1;0;0;0;0;0;0;00:00:00:000000;00:00:00:000000;00:00:00:000000;00:00:00:000000;
2016-10-05	11:51:50.281480	1475657510.281480;2016-10-05	11:53:44.459363	1475657624.459363;2016-10-05	11:53:45.460646	1475657625.460646;00:00:01;00:01:55;10;0;26.0464;0;3000;0;0;3000;3000;0;0;0;0;0;0;0;0;0;0;0;0;0;0;0;0;0;0;0;0;0;0;0;0;0;0;0;0;0;0;0;0;0;0;0;0;0;0;0;1;0;0;0;0;0;0;00:00:00:000000;00:00:00:000000;00:00:00:000000;00:00:00:000000;
2016-10-05	11:51:50.281480	1475657510.281480;2016-10-05	11:53:45.460711	1475657625.460711;2016-10-05	11:53:46.463222	1475657626.463222;00:00:01;00:01:56;10;0;25.8218;0;3000;0;0;3000;3000;0;0;0;0;0;0;0;0;0;0;0;0;0;0;0;0;0;0;0;0;0;0;0;0;0;0;0;0;0;0;0;0;0;0;0;0;0;0;0;1;0;0;0;0;0;0;00:00:00:000000;00:00:00:000000;00:00:00:000000;00:00:00:000000;
2016-10-05	11:51:50.281480	1475657510.281480;2016-10-05	11:53:46.463322	1475657626.463322;2016-10-05	11:53:47.465343	1475657627.465343;00:00:01;00:01:57;10;0;25.601;0;3000;0;0;3000;3000;0;0;0;0;0;0;0;0;0;0;0;0;0;0;0;0;0;0;0;0;0;0;0;0;0;0;0;0;0;0;0;0;0;0;0;0;0;0;0;1;0;0;0;0;0;0;00:00:00:000000;00:00:00:000000;00:00:00:000000;00:00:00:000000;
2016-10-05	11:51:50.281480	1475657510.281480;2016-10-05	11:53:47.465378	1475657627.465378;2016-10-05	11:53:48.467282	1475657628.467282;00:00:01;00:01:58;10;0;25.3839;0;3000;0;0;3000;3000;0;0;0;0;0;0;0;0;0;0;0;0;0;0;0;0;0;0;0;0;0;0;0;0;0;0;0;0;0;0;0;0;0;0;0;0;0;0;0;1;0;0;0;0;0;0;00:00:00:000000;00:00:00:000000;00:00:00:000000;00:00:00:000000;
2016-10-05	11:51:50.281480	1475657510.281480;2016-10-05	11:53:48.467328	1475657628.467328;2016-10-05	11:53:49.467658	1475657629.467658;00:00:01;00:01:59;10;0;25.1707;0;3000;0;0;3000;3000;0;0;0;0;0;0;0;0;0;0;0;0;0;0;0;0;0;0;0;0;0;0;0;0;0;0;0;0;0;0;0;0;0;0;0;0;0;0;0;1;0;0;0;0;0;0;00:00:00:000000;00:00:00:000000;00:00:00:000000;00:00:00:000000;
2016-10-05	11:51:50.281480	1475657510.281480;2016-10-05	11:53:49.467713	1475657629.467713;2016-10-05	11:53:50.470072	1475657630.470072;00:00:01;00:02:00;10;0;24.9609;0;3000;0;0;3000;3000;0;0;0;0;0;0;0;0;0;0;0;0;0;0;0;0;0;0;0;0;0;0;0;0;0;0;0;0;0;0;0;0;0;0;0;0;0;0;0;1;0;0;0;0;0;0;00:00:00:000000;00:00:00:000000;00:00:00:000000;00:00:00:000000;
2016-10-05	11:51:50.281480	1475657510.281480;2016-10-05	11:53:50.470107	1475657630.470107;2016-10-05	11:53:51.471630	1475657631.471630;00:00:01;00:02:01;10;0;24.7545;0;3000;0;0;3000;3000;0;0;0;0;0;0;0;0;0;0;0;0;0;0;0;0;0;0;0;0;0;0;0;0;0;0;0;0;0;0;0;0;0;0;0;0;0;0;0;1;0;0;0;0;0;0;00:00:00:000000;00:00:00:000000;00:00:00:000000;00:00:00:000000;
2016-10-05	11:51:50.281480	1475657510.281480;2016-10-05	11:53:51.471666	1475657631.471666;2016-10-05	11:53:52.473932	1475657632.473932;00:00:01;00:02:02;10;0;24.5515;0;3000;0;0;3000;3000;0;0;0;0;0;0;0;0;0;0;0;0;0;0;0;0;0;0;0;0;0;0;0;0;0;0;0;0;0;0;0;0;0;0;0;0;0;0;0;1;0;0;0;0;0;0;00:00:00:000000;00:00:00:000000;00:00:00:000000;00:00:00:000000;
2016-10-05	11:51:50.281480	1475657510.281480;2016-10-05	11:53:52.473967	1475657632.473967;2016-10-05	11:53:53.475504	1475657633.475504;00:00:01;00:02:03;10;0;24.3518;0;3000;0;0;3000;3000;0;0;0;0;0;0;0;0;0;0;0;0;0;0;0;0;0;0;0;0;0;0;0;0;0;0;0;0;0;0;0;0;0;0;0;0;0;0;0;1;0;0;0;0;0;0;00:00:00:000000;00:00:00:000000;00:00:00:000000;00:00:00:000000;
2016-10-05	11:51:50.281480	1475657510.281480;2016-10-05	11:53:53.475610	1475657633.475610;2016-10-05	11:53:54.477632	1475657634.477632;00:00:01;00:02:04;10;0;24.1554;0;3000;0;0;3000;3000;0;0;0;0;0;0;0;0;0;0;0;0;0;0;0;0;0;0;0;0;0;0;0;0;0;0;0;0;0;0;0;0;0;0;0;0;0;0;0;1;0;0;0;0;0;0;00:00:00:000000;00:00:00:000000;00:00:00:000000;00:00:00:000000;
2016-10-05	11:51:50.281480	1475657510.281480;2016-10-05	11:53:54.477667	1475657634.477667;2016-10-05	11:53:55.480386	1475657635.480386;00:00:01;00:02:05;10;0;23.962;0;3000;0;0;3000;3000;0;0;0;0;0;0;0;0;0;0;0;0;0;0;0;0;0;0;0;0;0;0;0;0;0;0;0;0;0;0;0;0;0;0;0;0;0;0;0;1;0;0;0;0;0;0;00:00:00:000000;00:00:00:000000;00:00:00:000000;00:00:00:000000;
2016-10-05	11:51:50.281480	1475657510.281480;2016-10-05	11:53:55.480422	1475657635.480422;2016-10-05	11:53:56.481583	1475657636.481583;00:00:01;00:02:06;10;0;23.7718;0;3000;0;0;3000;3000;0;0;0;0;0;0;0;0;0;0;0;0;0;0;0;0;0;0;0;0;0;0;0;0;0;0;0;0;0;0;0;0;0;0;0;0;0;0;0;1;0;0;0;0;0;0;00:00:00:000000;00:00:00:000000;00:00:00:000000;00:00:00:000000;
2016-10-05	11:51:50.281480	1475657510.281480;2016-10-05	11:53:56.481623	1475657636.481623;2016-10-05	11:53:57.482947	1475657637.482947;00:00:01;00:02:07;10;0;23.5847;0;3000;0;0;3000;3000;0;0;0;0;0;0;0;0;0;0;0;0;0;0;0;0;0;0;0;0;0;0;0;0;0;0;0;0;0;0;0;0;0;0;0;0;0;0;0;1;0;0;0;0;0;0;00:00:00:000000;00:00:00:000000;00:00:00:000000;00:00:00:000000;
2016-10-05	11:51:50.281480	1475657510.281480;2016-10-05	11:53:57.483011	1475657637.483011;2016-10-05	11:53:58.484044	1475657638.484044;00:00:01;00:02:08;10;0;23.4006;0;3000;0;0;3000;3000;0;0;0;0;0;0;0;0;0;0;0;0;0;0;0;0;0;0;0;0;0;0;0;0;0;0;0;0;0;0;0;0;0;0;0;0;0;0;0;1;0;0;0;0;0;0;00:00:00:000000;00:00:00:000000;00:00:00:000000;00:00:00:000000;
2016-10-05	11:51:50.281480	1475657510.281480;2016-10-05	11:53:58.484080	1475657638.484080;2016-10-05	11:53:59.485455	1475657639.485455;00:00:01;00:02:09;10;0;23.2193;0;3000;0;0;3000;3000;0;0;0;0;0;0;0;0;0;0;0;0;0;0;0;0;0;0;0;0;0;0;0;0;0;0;0;0;0;0;0;0;0;0;0;0;0;0;0;1;0;0;0;0;0;0;00:00:00:000000;00:00:00:000000;00:00:00:000000;00:00:00:000000;
2016-10-05	11:51:50.281480	1475657510.281480;2016-10-05	11:53:59.485587	1475657639.485587;2016-10-05	11:54:00.488148	1475657640.488148;00:00:01;00:02:10;10;0;23.0404;0;3000;0;0;3000;3000;0;0;0;0;0;0;0;0;0;0;0;0;0;0;0;0;0;0;0;0;0;0;0;0;0;0;0;0;0;0;0;0;0;0;0;0;0;0;0;1;0;0;0;0;0;0;00:00:00:000000;00:00:00:000000;00:00:00:000000;00:00:00:000000;
2016-10-05	11:51:50.281480	1475657510.281480;2016-10-05	11:54:00.488214	1475657640.488214;2016-10-05	11:54:01.489942	1475657641.489942;00:00:01;00:02:11;10;0;22.8645;0;3000;0;0;3000;3000;0;0;0;0;0;0;0;0;0;0;0;0;0;0;0;0;0;0;0;0;0;0;0;0;0;0;0;0;0;0;0;0;0;0;0;0;0;0;0;1;0;0;0;0;0;0;00:00:00:000000;00:00:00:000000;00:00:00:000000;00:00:00:000000;
2016-10-05	11:51:50.281480	1475657510.281480;2016-10-05	11:54:01.489991	1475657641.489991;2016-10-05	11:54:02.492290	1475657642.492290;00:00:01;00:02:12;10;0;22.6912;0;3000;0;0;3000;3000;0;0;0;0;0;0;0;0;0;0;0;0;0;0;0;0;0;0;0;0;0;0;0;0;0;0;0;0;0;0;0;0;0;0;0;0;0;0;0;1;0;0;0;0;0;0;00:00:00:000000;00:00:00:000000;00:00:00:000000;00:00:00:000000;
2016-10-05	11:51:50.281480	1475657510.281480;2016-10-05	11:54:02.492325	1475657642.492325;2016-10-05	11:54:03.494261	1475657643.494261;00:00:01;00:02:13;10;0;22.5205;0;3000;0;0;3000;3000;0;0;0;0;0;0;0;0;0;0;0;0;0;0;0;0;0;0;0;0;0;0;0;0;0;0;0;0;0;0;0;0;0;0;0;0;0;0;0;1;0;0;0;0;0;0;00:00:00:000000;00:00:00:000000;00:00:00:000000;00:00:00:000000;
2016-10-05	11:51:50.281480	1475657510.281480;2016-10-05	11:54:03.494295	1475657643.494295;2016-10-05	11:54:04.496106	1475657644.496106;00:00:01;00:02:14;10;0;22.3524;0;3000;0;0;3000;3000;0;0;0;0;0;0;0;0;0;0;0;0;0;0;0;0;0;0;0;0;0;0;0;0;0;0;0;0;0;0;0;0;0;0;0;0;0;0;0;1;0;0;0;0;0;0;00:00:00:000000;00:00:00:000000;00:00:00:000000;00:00:00:000000;
2016-10-05	11:51:50.281480	1475657510.281480;2016-10-05	11:54:04.496141	1475657644.496141;2016-10-05	11:54:05.496597	1475657645.496597;00:00:01;00:02:15;10;0;22.1869;0;3000;0;0;3000;3000;0;0;0;0;0;0;0;0;0;0;0;0;0;0;0;0;0;0;0;0;0;0;0;0;0;0;0;0;0;0;0;0;0;0;0;0;0;0;0;1;0;0;0;0;0;0;00:00:00:000000;00:00:00:000000;00:00:00:000000;00:00:00:000000;
2016-10-05	11:51:50.281480	1475657510.281480;2016-10-05	11:54:05.496632	1475657645.496632;2016-10-05	11:54:06.498404	1475657646.498404;00:00:01;00:02:16;10;0;22.0238;0;3000;0;0;3000;3000;0;0;0;0;0;0;0;0;0;0;0;0;0;0;0;0;0;0;0;0;0;0;0;0;0;0;0;0;0;0;0;0;0;0;0;0;0;0;0;1;0;0;0;0;0;0;00:00:00:000000;00:00:00:000000;00:00:00:000000;00:00:00:000000;
2016-10-05	11:51:50.281480	1475657510.281480;2016-10-05	11:54:06.498465	1475657646.498465;2016-10-05	11:54:07.499674	1475657647.499674;00:00:01;00:02:17;10;0;21.863;0;3000;0;0;3000;3000;0;0;0;0;0;0;0;0;0;0;0;0;0;0;0;0;0;0;0;0;0;0;0;0;0;0;0;0;0;0;0;0;0;0;0;0;0;0;0;1;0;0;0;0;0;0;00:00:00:000000;00:00:00:000000;00:00:00:000000;00:00:00:000000;
2016-10-05	11:51:50.281480	1475657510.281480;2016-10-05	11:54:07.499721	1475657647.499721;2016-10-05	11:54:08.501231	1475657648.501231;00:00:01;00:02:18;10;0;21.7047;0;3000;0;0;3000;3000;0;0;0;0;0;0;0;0;0;0;0;0;0;0;0;0;0;0;0;0;0;0;0;0;0;0;0;0;0;0;0;0;0;0;0;0;0;0;0;1;0;0;0;0;0;0;00:00:00:000000;00:00:00:000000;00:00:00:000000;00:00:00:000000;
2016-10-05	11:51:50.281480	1475657510.281480;2016-10-05	11:54:08.501377	1475657648.501377;2016-10-05	11:54:09.502451	1475657649.502451;00:00:01;00:02:19;10;0;21.5486;0;3000;0;0;3000;3000;0;0;0;0;0;0;0;0;0;0;0;0;0;0;0;0;0;0;0;0;0;0;0;0;0;0;0;0;0;0;0;0;0;0;0;0;0;0;0;1;0;0;0;0;0;0;00:00:00:000000;00:00:00:000000;00:00:00:000000;00:00:00:000000;
2016-10-05	11:51:50.281480	1475657510.281480;2016-10-05	11:54:09.502490	1475657649.502490;2016-10-05	11:54:10.503661	1475657650.503661;00:00:01;00:02:20;10;0;21.3946;0;3000;0;0;3000;3000;0;0;0;0;0;0;0;0;0;0;0;0;0;0;0;0;0;0;0;0;0;0;0;0;0;0;0;0;0;0;0;0;0;0;0;0;0;0;0;1;0;0;0;0;0;0;00:00:00:000000;00:00:00:000000;00:00:00:000000;00:00:00:000000;
2016-10-05	11:51:50.281480	1475657510.281480;2016-10-05	11:54:10.503697	1475657650.503697;2016-10-05	11:54:11.504457	1475657651.504457;00:00:01;00:02:21;10;0;21.2431;0;3000;0;0;3000;3000;0;0;0;0;0;0;0;0;0;0;0;0;0;0;0;0;0;0;0;0;0;0;0;0;0;0;0;0;0;0;0;0;0;0;0;0;0;0;0;1;0;0;0;0;0;0;00:00:00:000000;00:00:00:000000;00:00:00:000000;00:00:00:000000;
2016-10-05	11:51:50.281480	1475657510.281480;2016-10-05	11:54:11.504493	1475657651.504493;2016-10-05	11:54:12.506191	1475657652.506191;00:00:01;00:02:22;10;0;21.0935;0;3000;0;0;3000;3000;0;0;0;0;0;0;0;0;0;0;0;0;0;0;0;0;0;0;0;0;0;0;0;0;0;0;0;0;0;0;0;0;0;0;0;0;0;0;0;1;0;0;0;0;0;0;00:00:00:000000;00:00:00:000000;00:00:00:000000;00:00:00:000000;
2016-10-05	11:51:50.281480	1475657510.281480;2016-10-05	11:54:12.506285	1475657652.506285;2016-10-05	11:54:13.508272	1475657653.508272;00:00:01;00:02:23;10;0;20.9459;0;3000;0;0;3000;3000;0;0;0;0;0;0;0;0;0;0;0;0;0;0;0;0;0;0;0;0;0;0;0;0;0;0;0;0;0;0;0;0;0;0;0;0;0;0;0;1;0;0;0;0;0;0;00:00:00:000000;00:00:00:000000;00:00:00:000000;00:00:00:000000;
2016-10-05	11:51:50.281480	1475657510.281480;2016-10-05	11:54:13.508308	1475657653.508308;2016-10-05	11:54:14.510248	1475657654.510248;00:00:01;00:02:24;10;0;20.8004;0;3000;0;0;3000;3000;0;0;0;0;0;0;0;0;0;0;0;0;0;0;0;0;0;0;0;0;0;0;0;0;0;0;0;0;0;0;0;0;0;0;0;0;0;0;0;1;0;0;0;0;0;0;00:00:00:000000;00:00:00:000000;00:00:00:000000;00:00:00:000000;
2016-10-05	11:51:50.281480	1475657510.281480;2016-10-05	11:54:14.510283	1475657654.510283;2016-10-05	11:54:15.512068	1475657655.512068;00:00:01;00:02:25;10;0;20.6569;0;3000;0;0;3000;3000;0;0;0;0;0;0;0;0;0;0;0;0;0;0;0;0;0;0;0;0;0;0;0;0;0;0;0;0;0;0;0;0;0;0;0;0;0;0;0;1;0;0;0;0;0;0;00:00:00:000000;00:00:00:000000;00:00:00:000000;00:00:00:000000;
2016-10-05	11:51:50.281480	1475657510.281480;2016-10-05	11:54:15.512123	1475657655.512123;2016-10-05	11:54:16.514427	1475657656.514427;00:00:01;00:02:26;10;0;20.5153;0;3000;0;0;3000;3000;0;0;0;0;0;0;0;0;0;0;0;0;0;0;0;0;0;0;0;0;0;0;0;0;0;0;0;0;0;0;0;0;0;0;0;0;0;0;0;1;0;0;0;0;0;0;00:00:00:000000;00:00:00:000000;00:00:00:000000;00:00:00:000000;
2016-10-05	11:51:50.281480	1475657510.281480;2016-10-05	11:54:16.514472	1475657656.514472;2016-10-05	11:54:17.516372	1475657657.516372;00:00:01;00:02:27;10;0;20.3757;0;3000;0;0;3000;3000;0;0;0;0;0;0;0;0;0;0;0;0;0;0;0;0;0;0;0;0;0;0;0;0;0;0;0;0;0;0;0;0;0;0;0;0;0;0;0;1;0;0;0;0;0;0;00:00:00:000000;00:00:00:000000;00:00:00:000000;00:00:00:000000;
2016-10-05	11:51:50.281480	1475657510.281480;2016-10-05	11:54:17.516408	1475657657.516408;2016-10-05	11:54:18.516933	1475657658.516933;00:00:01;00:02:28;10;0;20.2381;0;3000;0;0;3000;3000;0;0;0;0;0;0;0;0;0;0;0;0;0;0;0;0;0;0;0;0;0;0;0;0;0;0;0;0;0;0;0;0;0;0;0;0;0;0;0;1;0;0;0;0;0;0;00:00:00:000000;00:00:00:000000;00:00:00:000000;00:00:00:000000;
2016-10-05	11:51:50.281480	1475657510.281480;2016-10-05	11:54:18.516978	1475657658.516978;2016-10-05	11:54:19.518320	1475657659.518320;00:00:01;00:02:29;10;0;20.1024;0;3000;0;0;3000;3000;0;0;0;0;0;0;0;0;0;0;0;0;0;0;0;0;0;0;0;0;0;0;0;0;0;0;0;0;0;0;0;0;0;0;0;0;0;0;0;1;0;0;0;0;0;0;00:00:00:000000;00:00:00:000000;00:00:00:000000;00:00:00:000000;
2016-10-05	11:51:50.281480	1475657510.281480;2016-10-05	11:54:19.518377	1475657659.518377;2016-10-05	11:54:20.520402	1475657660.520402;00:00:01;00:02:30;10;0;19.9683;0;3000;0;0;3000;3000;0;0;0;0;0;0;0;0;0;0;0;0;0;0;0;0;0;0;0;0;0;0;0;0;0;0;0;0;0;0;0;0;0;0;0;0;0;0;0;1;0;0;0;0;0;0;00:00:00:000000;00:00:00:000000;00:00:00:000000;00:00:00:000000;
2016-10-05	11:51:50.281480	1475657510.281480;2016-10-05	11:54:20.520470	1475657660.520470;2016-10-05	11:54:21.521049	1475657661.521049;00:00:01;00:02:31;10;0;19.8362;0;3000;0;0;3000;3000;0;0;0;0;0;0;0;0;0;0;0;0;0;0;0;0;0;0;0;0;0;0;0;0;0;0;0;0;0;0;0;0;0;0;0;0;0;0;0;1;0;0;0;0;0;0;00:00:00:000000;00:00:00:000000;00:00:00:000000;00:00:00:000000;
2016-10-05	11:51:50.281480	1475657510.281480;2016-10-05	11:54:21.521139	1475657661.521139;2016-10-05	11:54:22.523272	1475657662.523272;00:00:01;00:02:32;10;0;19.7056;0;3000;0;0;3000;3000;0;0;0;0;0;0;0;0;0;0;0;0;0;0;0;0;0;0;0;0;0;0;0;0;0;0;0;0;0;0;0;0;0;0;0;0;0;0;0;1;0;0;0;0;0;0;00:00:00:000000;00:00:00:000000;00:00:00:000000;00:00:00:000000;
2016-10-05	11:51:50.281480	1475657510.281480;2016-10-05	11:54:22.523414	1475657662.523414;2016-10-05	11:54:23.524472	1475657663.524472;00:00:01;00:02:33;10;0;19.5769;0;3000;0;0;3000;3000;0;0;0;0;0;0;0;0;0;0;0;0;0;0;0;0;0;0;0;0;0;0;0;0;0;0;0;0;0;0;0;0;0;0;0;0;0;0;0;1;0;0;0;0;0;0;00:00:00:000000;00:00:00:000000;00:00:00:000000;00:00:00:000000;
2016-10-05	11:51:50.281480	1475657510.281480;2016-10-05	11:54:23.524509	1475657663.524509;2016-10-05	11:54:24.527256	1475657664.527256;00:00:01;00:02:34;10;0;19.4496;0;3000;0;0;3000;3000;0;0;0;0;0;0;0;0;0;0;0;0;0;0;0;0;0;0;0;0;0;0;0;0;0;0;0;0;0;0;0;0;0;0;0;0;0;0;0;1;0;0;0;0;0;0;00:00:00:000000;00:00:00:000000;00:00:00:000000;00:00:00:000000;
2016-10-05	11:51:50.281480	1475657510.281480;2016-10-05	11:54:24.527292	1475657664.527292;2016-10-05	11:54:25.529110	1475657665.529110;00:00:01;00:02:35;10;0;19.324;0;3000;0;0;3000;3000;0;0;0;0;0;0;0;0;0;0;0;0;0;0;0;0;0;0;0;0;0;0;0;0;0;0;0;0;0;0;0;0;0;0;0;0;0;0;0;1;0;0;0;0;0;0;00:00:00:000000;00:00:00:000000;00:00:00:000000;00:00:00:000000;
2016-10-05	11:51:50.281480	1475657510.281480;2016-10-05	11:54:25.529146	1475657665.529146;2016-10-05	11:54:26.530600	1475657666.530600;00:00:01;00:02:36;10;0;19.2001;0;3000;0;0;3000;3000;0;0;0;0;0;0;0;0;0;0;0;0;0;0;0;0;0;0;0;0;0;0;0;0;0;0;0;0;0;0;0;0;0;0;0;0;0;0;0;1;0;0;0;0;0;0;00:00:00:000000;00:00:00:000000;00:00:00:000000;00:00:00:000000;
2016-10-05	11:51:50.281480	1475657510.281480;2016-10-05	11:54:26.530658	1475657666.530658;2016-10-05	11:54:27.533140	1475657667.533140;00:00:01;00:02:37;10;0;19.0778;0;3000;0;0;3000;3000;0;0;0;0;0;0;0;0;0;0;0;0;0;0;0;0;0;0;0;0;0;0;0;0;0;0;0;0;0;0;0;0;0;0;0;0;0;0;0;1;0;0;0;0;0;0;00:00:00:000000;00:00:00:000000;00:00:00:000000;00:00:00:000000;
2016-10-05	11:51:50.281480	1475657510.281480;2016-10-05	11:54:27.533175	1475657667.533175;2016-10-05	11:54:28.534951	1475657668.534951;00:00:01;00:02:38;10;0;18.957;0;3000;0;0;3000;3000;0;0;0;0;0;0;0;0;0;0;0;0;0;0;0;0;0;0;0;0;0;0;0;0;0;0;0;0;0;0;0;0;0;0;0;0;0;0;0;1;0;0;0;0;0;0;00:00:00:000000;00:00:00:000000;00:00:00:000000;00:00:00:000000;
2016-10-05	11:51:50.281480	1475657510.281480;2016-10-05	11:54:28.534987	1475657668.534987;2016-10-05	11:54:29.536958	1475657669.536958;00:00:01;00:02:39;10;0;18.8377;0;3000;0;0;3000;3000;0;0;0;0;0;0;0;0;0;0;0;0;0;0;0;0;0;0;0;0;0;0;0;0;0;0;0;0;0;0;0;0;0;0;0;0;0;0;0;1;0;0;0;0;0;0;00:00:00:000000;00:00:00:000000;00:00:00:000000;00:00:00:000000;
2016-10-05	11:51:50.281480	1475657510.281480;2016-10-05	11:54:29.536994	1475657669.536994;2016-10-05	11:54:30.537659	1475657670.537659;00:00:01;00:02:40;10;0;18.72;0;3000;0;0;3000;3000;0;0;0;0;0;0;0;0;0;0;0;0;0;0;0;0;0;0;0;0;0;0;0;0;0;0;0;0;0;0;0;0;0;0;0;0;0;0;0;1;0;0;0;0;0;0;00:00:00:000000;00:00:00:000000;00:00:00:000000;00:00:00:000000;
2016-10-05	11:51:50.281480	1475657510.281480;2016-10-05	11:54:30.537695	1475657670.537695;2016-10-05	11:54:31.540161	1475657671.540161;00:00:01;00:02:41;10;0;18.6037;0;3000;0;0;3000;3000;0;0;0;0;0;0;0;0;0;0;0;0;0;0;0;0;0;0;0;0;0;0;0;0;0;0;0;0;0;0;0;0;0;0;0;0;0;0;0;1;0;0;0;0;0;0;00:00:00:000000;00:00:00:000000;00:00:00:000000;00:00:00:000000;
2016-10-05	11:51:50.281480	1475657510.281480;2016-10-05	11:54:31.540209	1475657671.540209;2016-10-05	11:54:32.540486	1475657672.540486;00:00:01;00:02:42;10;0;18.489;0;3000;0;0;3000;3000;0;0;0;0;0;0;0;0;0;0;0;0;0;0;0;0;0;0;0;0;0;0;0;0;0;0;0;0;0;0;0;0;0;0;0;0;0;0;0;1;0;0;0;0;0;0;00:00:00:000000;00:00:00:000000;00:00:00:000000;00:00:00:000000;
2016-10-05	11:51:50.281480	1475657510.281480;2016-10-05	11:54:32.540526	1475657672.540526;2016-10-05	11:54:33.541826	1475657673.541826;00:00:01;00:02:43;10;0;18.3756;0;3000;0;0;3000;3000;0;0;0;0;0;0;0;0;0;0;0;0;0;0;0;0;0;0;0;0;0;0;0;0;0;0;0;0;0;0;0;0;0;0;0;0;0;0;0;1;0;0;0;0;0;0;00:00:00:000000;00:00:00:000000;00:00:00:000000;00:00:00:000000;
2016-10-05	11:51:50.281480	1475657510.281480;2016-10-05	11:54:33.541861	1475657673.541861;2016-10-05	11:54:34.543810	1475657674.543810;00:00:01;00:02:44;10;0;18.2635;0;3000;0;0;3000;3000;0;0;0;0;0;0;0;0;0;0;0;0;0;0;0;0;0;0;0;0;0;0;0;0;0;0;0;0;0;0;0;0;0;0;0;0;0;0;0;1;0;0;0;0;0;0;00:00:00:000000;00:00:00:000000;00:00:00:000000;00:00:00:000000;
2016-10-05	11:51:50.281480	1475657510.281480;2016-10-05	11:54:34.543876	1475657674.543876;2016-10-05	11:54:35.544808	1475657675.544808;00:00:01;00:02:45;10;0;18.1529;0;3000;0;0;3000;3000;0;0;0;0;0;0;0;0;0;0;0;0;0;0;0;0;0;0;0;0;0;0;0;0;0;0;0;0;0;0;0;0;0;0;0;0;0;0;0;1;0;0;0;0;0;0;00:00:00:000000;00:00:00:000000;00:00:00:000000;00:00:00:000000;
2016-10-05	11:51:50.281480	1475657510.281480;2016-10-05	11:54:35.544852	1475657675.544852;2016-10-05	11:54:36.547065	1475657676.547065;00:00:01;00:02:46;10;0;18.0435;0;3000;0;0;3000;3000;0;0;0;0;0;0;0;0;0;0;0;0;0;0;0;0;0;0;0;0;0;0;0;0;0;0;0;0;0;0;0;0;0;0;0;0;0;0;0;1;0;0;0;0;0;0;00:00:00:000000;00:00:00:000000;00:00:00:000000;00:00:00:000000;
2016-10-05	11:51:50.281480	1475657510.281480;2016-10-05	11:54:36.547202	1475657676.547202;2016-10-05	11:54:37.549107	1475657677.549107;00:00:01;00:02:47;10;0;17.9354;0;3000;0;0;3000;3000;0;0;0;0;0;0;0;0;0;0;0;0;0;0;0;0;0;0;0;0;0;0;0;0;0;0;0;0;0;0;0;0;0;0;0;0;0;0;0;1;0;0;0;0;0;0;00:00:00:000000;00:00:00:000000;00:00:00:000000;00:00:00:000000;
2016-10-05	11:51:50.281480	1475657510.281480;2016-10-05	11:54:37.549143	1475657677.549143;2016-10-05	11:54:38.550904	1475657678.550904;00:00:01;00:02:48;10;0;17.8286;0;3000;0;0;3000;3000;0;0;0;0;0;0;0;0;0;0;0;0;0;0;0;0;0;0;0;0;0;0;0;0;0;0;0;0;0;0;0;0;0;0;0;0;0;0;0;1;0;0;0;0;0;0;00:00:00:000000;00:00:00:000000;00:00:00:000000;00:00:00:000000;
2016-10-05	11:51:50.281480	1475657510.281480;2016-10-05	11:54:38.550939	1475657678.550939;2016-10-05	11:54:39.552982	1475657679.552982;00:00:01;00:02:49;10;0;17.7231;0;3000;0;0;3000;3000;0;0;0;0;0;0;0;0;0;0;0;0;0;0;0;0;0;0;0;0;0;0;0;0;0;0;0;0;0;0;0;0;0;0;0;0;0;0;0;1;0;0;0;0;0;0;00:00:00:000000;00:00:00:000000;00:00:00:000000;00:00:00:000000;
2016-10-05	11:51:50.281480	1475657510.281480;2016-10-05	11:54:39.553018	1475657679.553018;2016-10-05	11:54:40.555020	1475657680.555020;00:00:01;00:02:50;10;0;17.6188;0;3000;0;0;3000;3000;0;0;0;0;0;0;0;0;0;0;0;0;0;0;0;0;0;0;0;0;0;0;0;0;0;0;0;0;0;0;0;0;0;0;0;0;0;0;0;1;0;0;0;0;0;0;00:00:00:000000;00:00:00:000000;00:00:00:000000;00:00:00:000000;
2016-10-05	11:51:50.281480	1475657510.281480;2016-10-05	11:54:40.555069	1475657680.555069;2016-10-05	11:54:41.556806	1475657681.556806;00:00:01;00:02:51;10;0;17.5157;0;3000;0;0;3000;3000;0;0;0;0;0;0;0;0;0;0;0;0;0;0;0;0;0;0;0;0;0;0;0;0;0;0;0;0;0;0;0;0;0;0;0;0;0;0;0;1;0;0;0;0;0;0;00:00:00:000000;00:00:00:000000;00:00:00:000000;00:00:00:000000;
2016-10-05	11:51:50.281480	1475657510.281480;2016-10-05	11:54:41.556842	1475657681.556842;2016-10-05	11:54:42.557481	1475657682.557481;00:00:01;00:02:52;10;0;17.4139;0;3000;0;0;3000;3000;0;0;0;0;0;0;0;0;0;0;0;0;0;0;0;0;0;0;0;0;0;0;0;0;0;0;0;0;0;0;0;0;0;0;0;0;0;0;0;1;0;0;0;0;0;0;00:00:00:000000;00:00:00:000000;00:00:00:000000;00:00:00:000000;
2016-10-05	11:51:50.281480	1475657510.281480;2016-10-05	11:54:42.557516	1475657682.557516;2016-10-05	11:54:43.559837	1475657683.559837;00:00:01;00:02:53;10;0;17.3132;0;3000;0;0;3000;3000;0;0;0;0;0;0;0;0;0;0;0;0;0;0;0;0;0;0;0;0;0;0;0;0;0;0;0;0;0;0;0;0;0;0;0;0;0;0;0;1;0;0;0;0;0;0;00:00:00:000000;00:00:00:000000;00:00:00:000000;00:00:00:000000;
2016-10-05	11:51:50.281480	1475657510.281480;2016-10-05	11:54:43.559872	1475657683.559872;2016-10-05	11:54:44.562453	1475657684.562453;00:00:01;00:02:54;10;0;17.2137;0;3000;0;0;3000;3000;0;0;0;0;0;0;0;0;0;0;0;0;0;0;0;0;0;0;0;0;0;0;0;0;0;0;0;0;0;0;0;0;0;0;0;0;0;0;0;1;0;0;0;0;0;0;00:00:00:000000;00:00:00:000000;00:00:00:000000;00:00:00:000000;
2016-10-05	11:51:50.281480	1475657510.281480;2016-10-05	11:54:44.562492	1475657684.562492;2016-10-05	11:54:45.564703	1475657685.564703;00:00:01;00:02:55;10;0;17.1152;0;3000;0;0;3000;3000;0;0;0;0;0;0;0;0;0;0;0;0;0;0;0;0;0;0;0;0;0;0;0;0;0;0;0;0;0;0;0;0;0;0;0;0;0;0;0;1;0;0;0;0;0;0;00:00:00:000000;00:00:00:000000;00:00:00:000000;00:00:00:000000;
2016-10-05	11:51:50.281480	1475657510.281480;2016-10-05	11:54:45.564817	1475657685.564817;2016-10-05	11:54:46.566599	1475657686.566599;00:00:01;00:02:56;10;0;17.0179;0;3000;0;0;3000;3000;0;0;0;0;0;0;0;0;0;0;0;0;0;0;0;0;0;0;0;0;0;0;0;0;0;0;0;0;0;0;0;0;0;0;0;0;0;0;0;1;0;0;0;0;0;0;00:00:00:000000;00:00:00:000000;00:00:00:000000;00:00:00:000000;
2016-10-05	11:51:50.281480	1475657510.281480;2016-10-05	11:54:46.566635	1475657686.566635;2016-10-05	11:54:47.568378	1475657687.568378;00:00:01;00:02:57;10;0;16.9218;0;3000;0;0;3000;3000;0;0;0;0;0;0;0;0;0;0;0;0;0;0;0;0;0;0;0;0;0;0;0;0;0;0;0;0;0;0;0;0;0;0;0;0;0;0;0;1;0;0;0;0;0;0;00:00:00:000000;00:00:00:000000;00:00:00:000000;00:00:00:000000;
2016-10-05	11:51:50.281480	1475657510.281480;2016-10-05	11:54:47.568462	1475657687.568462;2016-10-05	11:54:48.568630	1475657688.568630;00:00:01;00:02:58;10;0;16.8268;0;3000;0;0;3000;3000;0;0;0;0;0;0;0;0;0;0;0;0;0;0;0;0;0;0;0;0;0;0;0;0;0;0;0;0;0;0;0;0;0;0;0;0;0;0;0;1;0;0;0;0;0;0;00:00:00:000000;00:00:00:000000;00:00:00:000000;00:00:00:000000;
2016-10-05	11:51:50.281480	1475657510.281480;2016-10-05	11:54:48.568727	1475657688.568727;2016-10-05	11:54:49.570267	1475657689.570267;00:00:01;00:02:59;10;0;16.7329;0;3000;0;0;3000;3000;0;0;0;0;0;0;0;0;0;0;0;0;0;0;0;0;0;0;0;0;0;0;0;0;0;0;0;0;0;0;0;0;0;0;0;0;0;0;0;1;0;0;0;0;0;0;00:00:00:000000;00:00:00:000000;00:00:00:000000;00:00:00:000000;
2016-10-05	11:51:50.281480	1475657510.281480;2016-10-05	11:54:49.570399	1475657689.570399;2016-10-05	11:54:50.571290	1475657690.571290;00:00:01;00:03:00;10;0;16.6399;0;3000;0;0;3000;3000;0;0;0;0;0;0;0;0;0;0;0;0;0;0;0;0;0;0;0;0;0;0;0;0;0;0;0;0;0;0;0;0;0;0;0;0;0;0;0;1;0;0;0;0;0;0;00:00:00:000000;00:00:00:000000;00:00:00:000000;00:00:00:000000;
2016-10-05	11:51:50.281480	1475657510.281480;2016-10-05	11:54:50.571344	1475657690.571344;2016-10-05	11:54:51.572599	1475657691.572599;00:00:01;00:03:01;10;0;16.548;0;3000;0;0;3000;3000;0;0;0;0;0;0;0;0;0;0;0;0;0;0;0;0;0;0;0;0;0;0;0;0;0;0;0;0;0;0;0;0;0;0;0;0;0;0;0;1;0;0;0;0;0;0;00:00:00:000000;00:00:00:000000;00:00:00:000000;00:00:00:000000;
2016-10-05	11:51:50.281480	1475657510.281480;2016-10-05	11:54:51.572635	1475657691.572635;2016-10-05	11:54:52.574605	1475657692.574605;00:00:01;00:03:02;10;0;16.457;0;3000;0;0;3000;3000;0;0;0;0;0;0;0;0;0;0;0;0;0;0;0;0;0;0;0;0;0;0;0;0;0;0;0;0;0;0;0;0;0;0;0;0;0;0;0;1;0;0;0;0;0;0;00:00:00:000000;00:00:00:000000;00:00:00:000000;00:00:00:000000;
2016-10-05	11:51:50.281480	1475657510.281480;2016-10-05	11:54:52.574641	1475657692.574641;2016-10-05	11:54:53.576289	1475657693.576289;00:00:01;00:03:03;10;0;16.3671;0;3000;0;0;3000;3000;0;0;0;0;0;0;0;0;0;0;0;0;0;0;0;0;0;0;0;0;0;0;0;0;0;0;0;0;0;0;0;0;0;0;0;0;0;0;0;1;0;0;0;0;0;0;00:00:00:000000;00:00:00:000000;00:00:00:000000;00:00:00:000000;
2016-10-05	11:51:50.281480	1475657510.281480;2016-10-05	11:54:53.576324	1475657693.576324;2016-10-05	11:54:54.578178	1475657694.578178;00:00:01;00:03:04;10;0;16.2782;0;3000;0;0;3000;3000;0;0;0;0;0;0;0;0;0;0;0;0;0;0;0;0;0;0;0;0;0;0;0;0;0;0;0;0;0;0;0;0;0;0;0;0;0;0;0;1;0;0;0;0;0;0;00:00:00:000000;00:00:00:000000;00:00:00:000000;00:00:00:000000;
2016-10-05	11:51:50.281480	1475657510.281480;2016-10-05	11:54:54.578214	1475657694.578214;2016-10-05	11:54:55.579911	1475657695.579911;00:00:01;00:03:05;10;0;16.1901;0;3000;0;0;3000;3000;0;0;0;0;0;0;0;0;0;0;0;0;0;0;0;0;0;0;0;0;0;0;0;0;0;0;0;0;0;0;0;0;0;0;0;0;0;0;0;1;0;0;0;0;0;0;00:00:00:000000;00:00:00:000000;00:00:00:000000;00:00:00:000000;
2016-10-05	11:51:50.281480	1475657510.281480;2016-10-05	11:54:55.579946	1475657695.579946;2016-10-05	11:54:56.581356	1475657696.581356;00:00:01;00:03:06;10;0;16.1031;0;3000;0;0;3000;3000;0;0;0;0;0;0;0;0;0;0;0;0;0;0;0;0;0;0;0;0;0;0;0;0;0;0;0;0;0;0;0;0;0;0;0;0;0;0;0;1;0;0;0;0;0;0;00:00:00:000000;00:00:00:000000;00:00:00:000000;00:00:00:000000;
2016-10-05	11:51:50.281480	1475657510.281480;2016-10-05	11:54:56.581397	1475657696.581397;2016-10-05	11:54:57.583434	1475657697.583434;00:00:01;00:03:07;10;0;16.017;0;3000;0;0;3000;3000;0;0;0;0;0;0;0;0;0;0;0;0;0;0;0;0;0;0;0;0;0;0;0;0;0;0;0;0;0;0;0;0;0;0;0;0;0;0;0;1;0;0;0;0;0;0;00:00:00:000000;00:00:00:000000;00:00:00:000000;00:00:00:000000;
2016-10-05	11:51:50.281480	1475657510.281480;2016-10-05	11:54:57.583469	1475657697.583469;2016-10-05	11:54:58.586088	1475657698.586088;00:00:01;00:03:08;10;0;15.9317;0;3000;0;0;3000;3000;0;0;0;0;0;0;0;0;0;0;0;0;0;0;0;0;0;0;0;0;0;0;0;0;0;0;0;0;0;0;0;0;0;0;0;0;0;0;0;1;0;0;0;0;0;0;00:00:00:000000;00:00:00:000000;00:00:00:000000;00:00:00:000000;
2016-10-05	11:51:50.281480	1475657510.281480;2016-10-05	11:54:58.586166	1475657698.586166;2016-10-05	11:54:59.588199	1475657699.588199;00:00:01;00:03:09;10;0;15.8474;0;3000;0;0;3000;3000;0;0;0;0;0;0;0;0;0;0;0;0;0;0;0;0;0;0;0;0;0;0;0;0;0;0;0;0;0;0;0;0;0;0;0;0;0;0;0;1;0;0;0;0;0;0;00:00:00:000000;00:00:00:000000;00:00:00:000000;00:00:00:000000;
2016-10-05	11:51:50.281480	1475657510.281480;2016-10-05	11:54:59.588234	1475657699.588234;2016-10-05	11:55:00.588955	1475657700.588955;00:00:01;00:03:10;10;0;15.764;0;3000;0;0;3000;3000;0;0;0;0;0;0;0;0;0;0;0;0;0;0;0;0;0;0;0;0;0;0;0;0;0;0;0;0;0;0;0;0;0;0;0;0;0;0;0;1;0;0;0;0;0;0;00:00:00:000000;00:00:00:000000;00:00:00:000000;00:00:00:000000;
2016-10-05	11:51:50.281480	1475657510.281480;2016-10-05	11:55:00.588991	1475657700.588991;2016-10-05	11:55:01.591409	1475657701.591409;00:00:01;00:03:11;10;0;15.6814;0;3000;0;0;3000;3000;0;0;0;0;0;0;0;0;0;0;0;0;0;0;0;0;0;0;0;0;0;0;0;0;0;0;0;0;0;0;0;0;0;0;0;0;0;0;0;1;0;0;0;0;0;0;00:00:00:000000;00:00:00:000000;00:00:00:000000;00:00:00:000000;
2016-10-05	11:51:50.281480	1475657510.281480;2016-10-05	11:55:01.591542	1475657701.591542;2016-10-05	11:55:02.592017	1475657702.592017;00:00:01;00:03:12;10;0;15.5998;0;3000;0;0;3000;3000;0;0;0;0;0;0;0;0;0;0;0;0;0;0;0;0;0;0;0;0;0;0;0;0;0;0;0;0;0;0;0;0;0;0;0;0;0;0;0;1;0;0;0;0;0;0;00:00:00:000000;00:00:00:000000;00:00:00:000000;00:00:00:000000;
2016-10-05	11:51:50.281480	1475657510.281480;2016-10-05	11:55:02.592111	1475657702.592111;2016-10-05	11:55:03.593619	1475657703.593619;00:00:01;00:03:13;10;0;15.519;0;3000;0;0;3000;3000;0;0;0;0;0;0;0;0;0;0;0;0;0;0;0;0;0;0;0;0;0;0;0;0;0;0;0;0;0;0;0;0;0;0;0;0;0;0;0;1;0;0;0;0;0;0;00:00:00:000000;00:00:00:000000;00:00:00:000000;00:00:00:000000;
2016-10-05	11:51:50.281480	1475657510.281480;2016-10-05	11:55:03.593656	1475657703.593656;2016-10-05	11:55:04.596177	1475657704.596177;00:00:01;00:03:14;10;0;15.4389;0;3000;0;0;3000;3000;0;0;0;0;0;0;0;0;0;0;0;0;0;0;0;0;0;0;0;0;0;0;0;0;0;0;0;0;0;0;0;0;0;0;0;0;0;0;0;1;0;0;0;0;0;0;00:00:00:000000;00:00:00:000000;00:00:00:000000;00:00:00:000000;
2016-10-05	11:51:50.281480	1475657510.281480;2016-10-05	11:55:04.596312	1475657704.596312;2016-10-05	11:55:05.597411	1475657705.597411;00:00:01;00:03:15;10;0;15.3598;0;3000;0;0;3000;3000;0;0;0;0;0;0;0;0;0;0;0;0;0;0;0;0;0;0;0;0;0;0;0;0;0;0;0;0;0;0;0;0;0;0;0;0;0;0;0;1;0;0;0;0;0;0;00:00:00:000000;00:00:00:000000;00:00:00:000000;00:00:00:000000;
2016-10-05	11:51:50.281480	1475657510.281480;2016-10-05	11:55:05.597500	1475657705.597500;2016-10-05	11:55:06.598464	1475657706.598464;00:00:01;00:03:16;10;0;15.2815;0;3000;0;0;3000;3000;0;0;0;0;0;0;0;0;0;0;0;0;0;0;0;0;0;0;0;0;0;0;0;0;0;0;0;0;0;0;0;0;0;0;0;0;0;0;0;1;0;0;0;0;0;0;00:00:00:000000;00:00:00:000000;00:00:00:000000;00:00:00:000000;
2016-10-05	11:51:50.281480	1475657510.281480;2016-10-05	11:55:06.598522	1475657706.598522;2016-10-05	11:55:07.601093	1475657707.601093;00:00:01;00:03:17;10;0;15.2038;0;3000;0;0;3000;3000;0;0;0;0;0;0;0;0;0;0;0;0;0;0;0;0;0;0;0;0;0;0;0;0;0;0;0;0;0;0;0;0;0;0;0;0;0;0;0;1;0;0;0;0;0;0;00:00:00:000000;00:00:00:000000;00:00:00:000000;00:00:00:000000;
2016-10-05	11:51:50.281480	1475657510.281480;2016-10-05	11:55:07.601132	1475657707.601132;2016-10-05	11:55:08.602784	1475657708.602784;00:00:01;00:03:18;10;0;15.127;0;3000;0;0;3000;3000;0;0;0;0;0;0;0;0;0;0;0;0;0;0;0;0;0;0;0;0;0;0;0;0;0;0;0;0;0;0;0;0;0;0;0;0;0;0;0;1;0;0;0;0;0;0;00:00:00:000000;00:00:00:000000;00:00:00:000000;00:00:00:000000;
2016-10-05	11:51:50.281480	1475657510.281480;2016-10-05	11:55:08.602824	1475657708.602824;2016-10-05	11:55:09.603452	1475657709.603452;00:00:01;00:03:19;10;0;15.0511;0;3000;0;0;3000;3000;0;0;0;0;0;0;0;0;0;0;0;0;0;0;0;0;0;0;0;0;0;0;0;0;0;0;0;0;0;0;0;0;0;0;0;0;0;0;0;1;0;0;0;0;0;0;00:00:00:000000;00:00:00:000000;00:00:00:000000;00:00:00:000000;
2016-10-05	11:51:50.281480	1475657510.281480;2016-10-05	11:55:09.603498	1475657709.603498;2016-10-05	11:55:10.605797	1475657710.605797;00:00:01;00:03:20;10;0;14.9757;0;3000;0;0;3000;3000;0;0;0;0;0;0;0;0;0;0;0;0;0;0;0;0;0;0;0;0;0;0;0;0;0;0;0;0;0;0;0;0;0;0;0;0;0;0;0;1;0;0;0;0;0;0;00:00:00:000000;00:00:00:000000;00:00:00:000000;00:00:00:000000;
2016-10-05	11:51:50.281480	1475657510.281480;2016-10-05	11:55:10.605851	1475657710.605851;2016-10-05	11:55:11.606866	1475657711.606866;00:00:01;00:03:21;10;0;14.9013;0;3000;0;0;3000;3000;0;0;0;0;0;0;0;0;0;0;0;0;0;0;0;0;0;0;0;0;0;0;0;0;0;0;0;0;0;0;0;0;0;0;0;0;0;0;0;1;0;0;0;0;0;0;00:00:00:000000;00:00:00:000000;00:00:00:000000;00:00:00:000000;
2016-10-05	11:51:50.281480	1475657510.281480;2016-10-05	11:55:11.606901	1475657711.606901;2016-10-05	11:55:12.607930	1475657712.607930;00:00:01;00:03:22;10;0;14.8276;0;3000;0;0;3000;3000;0;0;0;0;0;0;0;0;0;0;0;0;0;0;0;0;0;0;0;0;0;0;0;0;0;0;0;0;0;0;0;0;0;0;0;0;0;0;0;1;0;0;0;0;0;0;00:00:00:000000;00:00:00:000000;00:00:00:000000;00:00:00:000000;
2016-10-05	11:51:50.281480	1475657510.281480;2016-10-05	11:55:12.607969	1475657712.607969;2016-10-05	11:55:13.608459	1475657713.608459;00:00:01;00:03:23;10;0;14.7546;0;3000;0;0;3000;3000;0;0;0;0;0;0;0;0;0;0;0;0;0;0;0;0;0;0;0;0;0;0;0;0;0;0;0;0;0;0;0;0;0;0;0;0;0;0;0;1;0;0;0;0;0;0;00:00:00:000000;00:00:00:000000;00:00:00:000000;00:00:00:000000;
2016-10-05	11:51:50.281480	1475657510.281480;2016-10-05	11:55:13.608493	1475657713.608493;2016-10-05	11:55:14.610083	1475657714.610083;00:00:01;00:03:24;10;0;14.6823;0;3000;0;0;3000;3000;0;0;0;0;0;0;0;0;0;0;0;0;0;0;0;0;0;0;0;0;0;0;0;0;0;0;0;0;0;0;0;0;0;0;0;0;0;0;0;1;0;0;0;0;0;0;00:00:00:000000;00:00:00:000000;00:00:00:000000;00:00:00:000000;
2016-10-05	11:51:50.281480	1475657510.281480;2016-10-05	11:55:14.610143	1475657714.610143;2016-10-05	11:55:15.610484	1475657715.610484;00:00:01;00:03:25;10;0;14.6107;0;3000;0;0;3000;3000;0;0;0;0;0;0;0;0;0;0;0;0;0;0;0;0;0;0;0;0;0;0;0;0;0;0;0;0;0;0;0;0;0;0;0;0;0;0;0;1;0;0;0;0;0;0;00:00:00:000000;00:00:00:000000;00:00:00:000000;00:00:00:000000;
2016-10-05	11:51:50.281480	1475657510.281480;2016-10-05	11:55:15.610519	1475657715.610519;2016-10-05	11:55:16.613186	1475657716.613186;00:00:01;00:03:26;10;0;14.5397;0;3000;0;0;3000;3000;0;0;0;0;0;0;0;0;0;0;0;0;0;0;0;0;0;0;0;0;0;0;0;0;0;0;0;0;0;0;0;0;0;0;0;0;0;0;0;1;0;0;0;0;0;0;00:00:00:000000;00:00:00:000000;00:00:00:000000;00:00:00:000000;
2016-10-05	11:51:50.281480	1475657510.281480;2016-10-05	11:55:16.613302	1475657716.613302;2016-10-05	11:55:17.614082	1475657717.614082;00:00:01;00:03:27;10;0;14.4695;0;3000;0;0;3000;3000;0;0;0;0;0;0;0;0;0;0;0;0;0;0;0;0;0;0;0;0;0;0;0;0;0;0;0;0;0;0;0;0;0;0;0;0;0;0;0;1;0;0;0;0;0;0;00:00:00:000000;00:00:00:000000;00:00:00:000000;00:00:00:000000;
2016-10-05	11:51:50.281480	1475657510.281480;2016-10-05	11:55:17.614117	1475657717.614117;2016-10-05	11:55:18.615692	1475657718.615692;00:00:01;00:03:28;10;0;14.4;0;3000;0;0;3000;3000;0;0;0;0;0;0;0;0;0;0;0;0;0;0;0;0;0;0;0;0;0;0;0;0;0;0;0;0;0;0;0;0;0;0;0;0;0;0;0;1;0;0;0;0;0;0;00:00:00:000000;00:00:00:000000;00:00:00:000000;00:00:00:000000;
2016-10-05	11:51:50.281480	1475657510.281480;2016-10-05	11:55:18.615736	1475657718.615736;2016-10-05	11:55:19.617016	1475657719.617016;00:00:01;00:03:29;10;0;14.3311;0;3000;0;0;3000;3000;0;0;0;0;0;0;0;0;0;0;0;0;0;0;0;0;0;0;0;0;0;0;0;0;0;0;0;0;0;0;0;0;0;0;0;0;0;0;0;1;0;0;0;0;0;0;00:00:00:000000;00:00:00:000000;00:00:00:000000;00:00:00:000000;
2016-10-05	11:51:50.281480	1475657510.281480;2016-10-05	11:55:19.617108	1475657719.617108;2016-10-05	11:55:20.617457	1475657720.617457;00:00:01;00:03:30;10;0;14.263;0;3000;0;0;3000;3000;0;0;0;0;0;0;0;0;0;0;0;0;0;0;0;0;0;0;0;0;0;0;0;0;0;0;0;0;0;0;0;0;0;0;0;0;0;0;0;1;0;0;0;0;0;0;00:00:00:000000;00:00:00:000000;00:00:00:000000;00:00:00:000000;
2016-10-05	11:51:50.281480	1475657510.281480;2016-10-05	11:55:20.617507	1475657720.617507;2016-10-05	11:55:21.618750	1475657721.618750;00:00:01;00:03:31;10;0;14.1953;0;3000;0;0;3000;3000;0;0;0;0;0;0;0;0;0;0;0;0;0;0;0;0;0;0;0;0;0;0;0;0;0;0;0;0;0;0;0;0;0;0;0;0;0;0;0;1;0;0;0;0;0;0;00:00:00:000000;00:00:00:000000;00:00:00:000000;00:00:00:000000;
2016-10-05	11:51:50.281480	1475657510.281480;2016-10-05	11:55:21.618810	1475657721.618810;2016-10-05	11:55:22.619680	1475657722.619680;00:00:01;00:03:32;10;0;14.1284;0;3000;0;0;3000;3000;0;0;0;0;0;0;0;0;0;0;0;0;0;0;0;0;0;0;0;0;0;0;0;0;0;0;0;0;0;0;0;0;0;0;0;0;0;0;0;1;0;0;0;0;0;0;00:00:00:000000;00:00:00:000000;00:00:00:000000;00:00:00:000000;
2016-10-05	11:51:50.281480	1475657510.281480;2016-10-05	11:55:22.619741	1475657722.619741;2016-10-05	11:55:23.622496	1475657723.622496;00:00:01;00:03:33;10;0;14.062;0;3000;0;0;3000;3000;0;0;0;0;0;0;0;0;0;0;0;0;0;0;0;0;0;0;0;0;0;0;0;0;0;0;0;0;0;0;0;0;0;0;0;0;0;0;0;1;0;0;0;0;0;0;00:00:00:000000;00:00:00:000000;00:00:00:000000;00:00:00:000000;
2016-10-05	11:51:50.281480	1475657510.281480;2016-10-05	11:55:23.622533	1475657723.622533;2016-10-05	11:55:24.624591	1475657724.624591;00:00:01;00:03:34;10;0;13.9963;0;3000;0;0;3000;3000;0;0;0;0;0;0;0;0;0;0;0;0;0;0;0;0;0;0;0;0;0;0;0;0;0;0;0;0;0;0;0;0;0;0;0;0;0;0;0;1;0;0;0;0;0;0;00:00:00:000000;00:00:00:000000;00:00:00:000000;00:00:00:000000;
2016-10-05	11:51:50.281480	1475657510.281480;2016-10-05	11:55:24.624631	1475657724.624631;2016-10-05	11:55:25.626359	1475657725.626359;00:00:01;00:03:35;10;0;13.9312;0;3000;0;0;3000;3000;0;0;0;0;0;0;0;0;0;0;0;0;0;0;0;0;0;0;0;0;0;0;0;0;0;0;0;0;0;0;0;0;0;0;0;0;0;0;0;1;0;0;0;0;0;0;00:00:00:000000;00:00:00:000000;00:00:00:000000;00:00:00:000000;
2016-10-05	11:51:50.281480	1475657510.281480;2016-10-05	11:55:25.626408	1475657725.626408;2016-10-05	11:55:26.627574	1475657726.627574;00:00:01;00:03:36;10;0;13.8667;0;3000;0;0;3000;3000;0;0;0;0;0;0;0;0;0;0;0;0;0;0;0;0;0;0;0;0;0;0;0;0;0;0;0;0;0;0;0;0;0;0;0;0;0;0;0;1;0;0;0;0;0;0;00:00:00:000000;00:00:00:000000;00:00:00:000000;00:00:00:000000;
2016-10-05	11:51:50.281480	1475657510.281480;2016-10-05	11:55:26.627610	1475657726.627610;2016-10-05	11:55:27.629096	1475657727.629096;00:00:01;00:03:37;10;0;13.8028;0;3000;0;0;3000;3000;0;0;0;0;0;0;0;0;0;0;0;0;0;0;0;0;0;0;0;0;0;0;0;0;0;0;0;0;0;0;0;0;0;0;0;0;0;0;0;1;0;0;0;0;0;0;00:00:00:000000;00:00:00:000000;00:00:00:000000;00:00:00:000000;
2016-10-05	11:51:50.281480	1475657510.281480;2016-10-05	11:55:27.629144	1475657727.629144;2016-10-05	11:55:28.630595	1475657728.630595;00:00:01;00:03:38;10;0;13.7395;0;3000;0;0;3000;3000;0;0;0;0;0;0;0;0;0;0;0;0;0;0;0;0;0;0;0;0;0;0;0;0;0;0;0;0;0;0;0;0;0;0;0;0;0;0;0;1;0;0;0;0;0;0;00:00:00:000000;00:00:00:000000;00:00:00:000000;00:00:00:000000;
2016-10-05	11:51:50.281480	1475657510.281480;2016-10-05	11:55:28.630654	1475657728.630654;2016-10-05	11:55:29.631444	1475657729.631444;00:00:01;00:03:39;10;0;13.6768;0;3000;0;0;3000;3000;0;0;0;0;0;0;0;0;0;0;0;0;0;0;0;0;0;0;0;0;0;0;0;0;0;0;0;0;0;0;0;0;0;0;0;0;0;0;0;1;0;0;0;0;0;0;00:00:00:000000;00:00:00:000000;00:00:00:000000;00:00:00:000000;
2016-10-05	11:51:50.281480	1475657510.281480;2016-10-05	11:55:29.631480	1475657729.631480;2016-10-05	11:55:30.634436	1475657730.634436;00:00:01;00:03:40;10;0;13.6146;0;3000;0;0;3000;3000;0;0;0;0;0;0;0;0;0;0;0;0;0;0;0;0;0;0;0;0;0;0;0;0;0;0;0;0;0;0;0;0;0;0;0;0;0;0;0;1;0;0;0;0;0;0;00:00:00:000000;00:00:00:000000;00:00:00:000000;00:00:00:000000;
2016-10-05	11:51:50.281480	1475657510.281480;2016-10-05	11:55:30.634483	1475657730.634483;2016-10-05	11:55:31.636731	1475657731.636731;00:00:01;00:03:41;10;0;13.5529;0;3000;0;0;3000;3000;0;0;0;0;0;0;0;0;0;0;0;0;0;0;0;0;0;0;0;0;0;0;0;0;0;0;0;0;0;0;0;0;0;0;0;0;0;0;0;1;0;0;0;0;0;0;00:00:00:000000;00:00:00:000000;00:00:00:000000;00:00:00:000000;
2016-10-05	11:51:50.281480	1475657510.281480;2016-10-05	11:55:31.636766	1475657731.636766;2016-10-05	11:55:32.637476	1475657732.637476;00:00:01;00:03:42;10;0;13.4919;0;3000;0;0;3000;3000;0;0;0;0;0;0;0;0;0;0;0;0;0;0;0;0;0;0;0;0;0;0;0;0;0;0;0;0;0;0;0;0;0;0;0;0;0;0;0;1;0;0;0;0;0;0;00:00:00:000000;00:00:00:000000;00:00:00:000000;00:00:00:000000;
2016-10-05	11:51:50.281480	1475657510.281480;2016-10-05	11:55:32.637515	1475657732.637515;2016-10-05	11:55:33.640292	1475657733.640292;00:00:01;00:03:43;10;0;13.4314;0;3000;0;0;3000;3000;0;0;0;0;0;0;0;0;0;0;0;0;0;0;0;0;0;0;0;0;0;0;0;0;0;0;0;0;0;0;0;0;0;0;0;0;0;0;0;1;0;0;0;0;0;0;00:00:00:000000;00:00:00:000000;00:00:00:000000;00:00:00:000000;
2016-10-05	11:51:50.281480	1475657510.281480;2016-10-05	11:55:33.640397	1475657733.640397;2016-10-05	11:55:34.641268	1475657734.641268;00:00:01;00:03:44;10;0;13.3714;0;3000;0;0;3000;3000;0;0;0;0;0;0;0;0;0;0;0;0;0;0;0;0;0;0;0;0;0;0;0;0;0;0;0;0;0;0;0;0;0;0;0;0;0;0;0;1;0;0;0;0;0;0;00:00:00:000000;00:00:00:000000;00:00:00:000000;00:00:00:000000;
2016-10-05	11:51:50.281480	1475657510.281480;2016-10-05	11:55:34.641303	1475657734.641303;2016-10-05	11:55:35.641452	1475657735.641452;00:00:01;00:03:45;10;0;13.3121;0;3000;0;0;3000;3000;0;0;0;0;0;0;0;0;0;0;0;0;0;0;0;0;0;0;0;0;0;0;0;0;0;0;0;0;0;0;0;0;0;0;0;0;0;0;0;1;0;0;0;0;0;0;00:00:00:000000;00:00:00:000000;00:00:00:000000;00:00:00:000000;
2016-10-05	11:51:50.281480	1475657510.281480;2016-10-05	11:55:35.641486	1475657735.641486;2016-10-05	11:55:36.643426	1475657736.643426;00:00:01;00:03:46;10;0;13.2532;0;3000;0;0;3000;3000;0;0;0;0;0;0;0;0;0;0;0;0;0;0;0;0;0;0;0;0;0;0;0;0;0;0;0;0;0;0;0;0;0;0;0;0;0;0;0;1;0;0;0;0;0;0;00:00:00:000000;00:00:00:000000;00:00:00:000000;00:00:00:000000;
2016-10-05	11:51:50.281480	1475657510.281480;2016-10-05	11:55:36.643485	1475657736.643485;2016-10-05	11:55:37.646165	1475657737.646165;00:00:01;00:03:47;10;0;13.1947;0;3000;0;0;3000;3000;0;0;0;0;0;0;0;0;0;0;0;0;0;0;0;0;0;0;0;0;0;0;0;0;0;0;0;0;0;0;0;0;0;0;0;0;0;0;0;1;0;0;0;0;0;0;00:00:00:000000;00:00:00:000000;00:00:00:000000;00:00:00:000000;
2016-10-05	11:51:50.281480	1475657510.281480;2016-10-05	11:55:37.646224	1475657737.646224;2016-10-05	11:55:38.648442	1475657738.648442;00:00:01;00:03:48;10;0;13.1368;0;3000;0;0;3000;3000;0;0;0;0;0;0;0;0;0;0;0;0;0;0;0;0;0;0;0;0;0;0;0;0;0;0;0;0;0;0;0;0;0;0;0;0;0;0;0;1;0;0;0;0;0;0;00:00:00:000000;00:00:00:000000;00:00:00:000000;00:00:00:000000;
2016-10-05	11:51:50.281480	1475657510.281480;2016-10-05	11:55:38.648551	1475657738.648551;2016-10-05	11:55:39.649962	1475657739.649962;00:00:01;00:03:49;10;0;13.0794;0;3000;0;0;3000;3000;0;0;0;0;0;0;0;0;0;0;0;0;0;0;0;0;0;0;0;0;0;0;0;0;0;0;0;0;0;0;0;0;0;0;0;0;0;0;0;1;0;0;0;0;0;0;00:00:00:000000;00:00:00:000000;00:00:00:000000;00:00:00:000000;
2016-10-05	11:51:50.281480	1475657510.281480;2016-10-05	11:55:39.650018	1475657739.650018;2016-10-05	11:55:40.651303	1475657740.651303;00:00:01;00:03:50;10;0;13.0226;0;3000;0;0;3000;3000;0;0;0;0;0;0;0;0;0;0;0;0;0;0;0;0;0;0;0;0;0;0;0;0;0;0;0;0;0;0;0;0;0;0;0;0;0;0;0;1;0;0;0;0;0;0;00:00:00:000000;00:00:00:000000;00:00:00:000000;00:00:00:000000;
2016-10-05	11:51:50.281480	1475657510.281480;2016-10-05	11:55:40.651463	1475657740.651463;2016-10-05	11:55:41.653498	1475657741.653498;00:00:01;00:03:51;10;0;12.9661;0;3000;0;0;3000;3000;0;0;0;0;0;0;0;0;0;0;0;0;0;0;0;0;0;0;0;0;0;0;0;0;0;0;0;0;0;0;0;0;0;0;0;0;0;0;0;1;0;0;0;0;0;0;00:00:00:000000;00:00:00:000000;00:00:00:000000;00:00:00:000000;
2016-10-05	11:51:50.281480	1475657510.281480;2016-10-05	11:55:41.653560	1475657741.653560;2016-10-05	11:55:42.655497	1475657742.655497;00:00:01;00:03:52;10;0;12.9102;0;3000;0;0;3000;3000;0;0;0;0;0;0;0;0;0;0;0;0;0;0;0;0;0;0;0;0;0;0;0;0;0;0;0;0;0;0;0;0;0;0;0;0;0;0;0;1;0;0;0;0;0;0;00:00:00:000000;00:00:00:000000;00:00:00:000000;00:00:00:000000;
2016-10-05	11:51:50.281480	1475657510.281480;2016-10-05	11:55:42.655532	1475657742.655532;2016-10-05	11:55:43.658363	1475657743.658363;00:00:01;00:03:53;10;0;12.8548;0;3000;0;0;3000;3000;0;0;0;0;0;0;0;0;0;0;0;0;0;0;0;0;0;0;0;0;0;0;0;0;0;0;0;0;0;0;0;0;0;0;0;0;0;0;0;1;0;0;0;0;0;0;00:00:00:000000;00:00:00:000000;00:00:00:000000;00:00:00:000000;
2016-10-05	11:51:50.281480	1475657510.281480;2016-10-05	11:55:43.658404	1475657743.658404;2016-10-05	11:55:44.659739	1475657744.659739;00:00:01;00:03:54;10;0;12.7998;0;3000;0;0;3000;3000;0;0;0;0;0;0;0;0;0;0;0;0;0;0;0;0;0;0;0;0;0;0;0;0;0;0;0;0;0;0;0;0;0;0;0;0;0;0;0;1;0;0;0;0;0;0;00:00:00:000000;00:00:00:000000;00:00:00:000000;00:00:00:000000;
2016-10-05	11:51:50.281480	1475657510.281480;2016-10-05	11:55:44.659777	1475657744.659777;2016-10-05	11:55:45.660976	1475657745.660976;00:00:01;00:03:55;10;0;12.7454;0;3000;0;0;3000;3000;0;0;0;0;0;0;0;0;0;0;0;0;0;0;0;0;0;0;0;0;0;0;0;0;0;0;0;0;0;0;0;0;0;0;0;0;0;0;0;1;0;0;0;0;0;0;00:00:00:000000;00:00:00:000000;00:00:00:000000;00:00:00:000000;
2016-10-05	11:51:50.281480	1475657510.281480;2016-10-05	11:55:45.661108	1475657745.661108;2016-10-05	11:55:46.663041	1475657746.663041;00:00:01;00:03:56;10;0;12.6914;0;3000;0;0;3000;3000;0;0;0;0;0;0;0;0;0;0;0;0;0;0;0;0;0;0;0;0;0;0;0;0;0;0;0;0;0;0;0;0;0;0;0;0;0;0;0;1;0;0;0;0;0;0;00:00:00:000000;00:00:00:000000;00:00:00:000000;00:00:00:000000;
2016-10-05	11:51:50.281480	1475657510.281480;2016-10-05	11:55:46.663078	1475657746.663078;2016-10-05	11:55:47.663921	1475657747.663921;00:00:01;00:03:57;10;0;12.6379;0;3000;0;0;3000;3000;0;0;0;0;0;0;0;0;0;0;0;0;0;0;0;0;0;0;0;0;0;0;0;0;0;0;0;0;0;0;0;0;0;0;0;0;0;0;0;1;0;0;0;0;0;0;00:00:00:000000;00:00:00:000000;00:00:00:000000;00:00:00:000000;
2016-10-05	11:51:50.281480	1475657510.281480;2016-10-05	11:55:47.663958	1475657747.663958;2016-10-05	11:55:48.665080	1475657748.665080;00:00:01;00:03:58;10;0;12.5848;0;3000;0;0;3000;3000;0;0;0;0;0;0;0;0;0;0;0;0;0;0;0;0;0;0;0;0;0;0;0;0;0;0;0;0;0;0;0;0;0;0;0;0;0;0;0;1;0;0;0;0;0;0;00:00:00:000000;00:00:00:000000;00:00:00:000000;00:00:00:000000;
2016-10-05	11:51:50.281480	1475657510.281480;2016-10-05	11:55:48.665176	1475657748.665176;2016-10-05	11:55:49.667013	1475657749.667013;00:00:01;00:03:59;10;0;12.5321;0;3000;0;0;3000;3000;0;0;0;0;0;0;0;0;0;0;0;0;0;0;0;0;0;0;0;0;0;0;0;0;0;0;0;0;0;0;0;0;0;0;0;0;0;0;0;1;0;0;0;0;0;0;00:00:00:000000;00:00:00:000000;00:00:00:000000;00:00:00:000000;
2016-10-05	11:51:50.281480	1475657510.281480;2016-10-05	11:55:49.667067	1475657749.667067;2016-10-05	11:55:50.669132	1475657750.669132;00:00:01;00:04:00;10;0;12.4799;0;3000;0;0;3000;3000;0;0;0;0;0;0;0;0;0;0;0;0;0;0;0;0;0;0;0;0;0;0;0;0;0;0;0;0;0;0;0;0;0;0;0;0;0;0;0;1;0;0;0;0;0;0;00:00:00:000000;00:00:00:000000;00:00:00:000000;00:00:00:000000;
2016-10-05	11:51:50.281480	1475657510.281480;2016-10-05	11:55:50.669187	1475657750.669187;2016-10-05	11:55:51.669789	1475657751.669789;00:00:01;00:04:01;10;0;12.4281;0;3000;0;0;3000;3000;0;0;0;0;0;0;0;0;0;0;0;0;0;0;0;0;0;0;0;0;0;0;0;0;0;0;0;0;0;0;0;0;0;0;0;0;0;0;0;1;0;0;0;0;0;0;00:00:00:000000;00:00:00:000000;00:00:00:000000;00:00:00:000000;
2016-10-05	11:51:50.281480	1475657510.281480;2016-10-05	11:55:51.669825	1475657751.669825;2016-10-05	11:55:52.671492	1475657752.671492;00:00:01;00:04:02;10;0;12.3767;0;3000;0;0;3000;3000;0;0;0;0;0;0;0;0;0;0;0;0;0;0;0;0;0;0;0;0;0;0;0;0;0;0;0;0;0;0;0;0;0;0;0;0;0;0;0;1;0;0;0;0;0;0;00:00:00:000000;00:00:00:000000;00:00:00:000000;00:00:00:000000;
2016-10-05	11:51:50.281480	1475657510.281480;2016-10-05	11:55:52.671527	1475657752.671527;2016-10-05	11:55:53.673100	1475657753.673100;00:00:01;00:04:03;10;0;12.3258;0;3000;0;0;3000;3000;0;0;0;0;0;0;0;0;0;0;0;0;0;0;0;0;0;0;0;0;0;0;0;0;0;0;0;0;0;0;0;0;0;0;0;0;0;0;0;1;0;0;0;0;0;0;00:00:00:000000;00:00:00:000000;00:00:00:000000;00:00:00:000000;
2016-10-05	11:51:50.281480	1475657510.281480;2016-10-05	11:55:53.673148	1475657753.673148;2016-10-05	11:55:54.673757	1475657754.673757;00:00:01;00:04:04;10;0;12.2754;0;3000;0;0;3000;3000;0;0;0;0;0;0;0;0;0;0;0;0;0;0;0;0;0;0;0;0;0;0;0;0;0;0;0;0;0;0;0;0;0;0;0;0;0;0;0;1;0;0;0;0;0;0;00:00:00:000000;00:00:00:000000;00:00:00:000000;00:00:00:000000;
2016-10-05	11:51:50.281480	1475657510.281480;2016-10-05	11:55:54.673795	1475657754.673795;2016-10-05	11:55:55.674595	1475657755.674595;00:00:01;00:04:05;10;0;12.2253;0;3000;0;0;3000;3000;0;0;0;0;0;0;0;0;0;0;0;0;0;0;0;0;0;0;0;0;0;0;0;0;0;0;0;0;0;0;0;0;0;0;0;0;0;0;0;1;0;0;0;0;0;0;00:00:00:000000;00:00:00:000000;00:00:00:000000;00:00:00:000000;
2016-10-05	11:51:50.281480	1475657510.281480;2016-10-05	11:55:55.674635	1475657755.674635;2016-10-05	11:55:56.676447	1475657756.676447;00:00:01;00:04:06;10;0;12.1756;0;3000;0;0;3000;3000;0;0;0;0;0;0;0;0;0;0;0;0;0;0;0;0;0;0;0;0;0;0;0;0;0;0;0;0;0;0;0;0;0;0;0;0;0;0;0;1;0;0;0;0;0;0;00:00:00:000000;00:00:00:000000;00:00:00:000000;00:00:00:000000;
2016-10-05	11:51:50.281480	1475657510.281480;2016-10-05	11:55:56.676487	1475657756.676487;2016-10-05	11:55:57.677981	1475657757.677981;00:00:01;00:04:07;10;0;12.1263;0;3000;0;0;3000;3000;0;0;0;0;0;0;0;0;0;0;0;0;0;0;0;0;0;0;0;0;0;0;0;0;0;0;0;0;0;0;0;0;0;0;0;0;0;0;0;1;0;0;0;0;0;0;00:00:00:000000;00:00:00:000000;00:00:00:000000;00:00:00:000000;
2016-10-05	11:51:50.281480	1475657510.281480;2016-10-05	11:55:57.678046	1475657757.678046;2016-10-05	11:55:58.679280	1475657758.679280;00:00:01;00:04:08;10;0;12.0774;0;3000;0;0;3000;3000;0;0;0;0;0;0;0;0;0;0;0;0;0;0;0;0;0;0;0;0;0;0;0;0;0;0;0;0;0;0;0;0;0;0;0;0;0;0;0;1;0;0;0;0;0;0;00:00:00:000000;00:00:00:000000;00:00:00:000000;00:00:00:000000;
2016-10-05	11:51:50.281480	1475657510.281480;2016-10-05	11:55:58.679345	1475657758.679345;2016-10-05	11:55:59.680179	1475657759.680179;00:00:01;00:04:09;10;0;12.029;0;3000;0;0;3000;3000;0;0;0;0;0;0;0;0;0;0;0;0;0;0;0;0;0;0;0;0;0;0;0;0;0;0;0;0;0;0;0;0;0;0;0;0;0;0;0;1;0;0;0;0;0;0;00:00:00:000000;00:00:00:000000;00:00:00:000000;00:00:00:000000;
2016-10-05	11:51:50.281480	1475657510.281480;2016-10-05	11:55:59.680231	1475657759.680231;2016-10-05	11:56:00.681465	1475657760.681465;00:00:01;00:04:10;10;0;11.9809;0;3000;0;0;3000;3000;0;0;0;0;0;0;0;0;0;0;0;0;0;0;0;0;0;0;0;0;0;0;0;0;0;0;0;0;0;0;0;0;0;0;0;0;0;0;0;1;0;0;0;0;0;0;00:00:00:000000;00:00:00:000000;00:00:00:000000;00:00:00:000000;
2016-10-05	11:51:50.281480	1475657510.281480;2016-10-05	11:56:00.681500	1475657760.681500;2016-10-05	11:56:01.683074	1475657761.683074;00:00:01;00:04:11;10;0;11.9331;0;3000;0;0;3000;3000;0;0;0;0;0;0;0;0;0;0;0;0;0;0;0;0;0;0;0;0;0;0;0;0;0;0;0;0;0;0;0;0;0;0;0;0;0;0;0;1;0;0;0;0;0;0;00:00:00:000000;00:00:00:000000;00:00:00:000000;00:00:00:000000;
2016-10-05	11:51:50.281480	1475657510.281480;2016-10-05	11:56:01.683136	1475657761.683136;2016-10-05	11:56:02.683465	1475657762.683465;00:00:01;00:04:12;10;0;11.8858;0;3000;0;0;3000;3000;0;0;0;0;0;0;0;0;0;0;0;0;0;0;0;0;0;0;0;0;0;0;0;0;0;0;0;0;0;0;0;0;0;0;0;0;0;0;0;1;0;0;0;0;0;0;00:00:00:000000;00:00:00:000000;00:00:00:000000;00:00:00:000000;
2016-10-05	11:51:50.281480	1475657510.281480;2016-10-05	11:56:02.683507	1475657762.683507;2016-10-05	11:56:03.685050	1475657763.685050;00:00:01;00:04:13;10;0;11.8389;0;3000;0;0;3000;3000;0;0;0;0;0;0;0;0;0;0;0;0;0;0;0;0;0;0;0;0;0;0;0;0;0;0;0;0;0;0;0;0;0;0;0;0;0;0;0;1;0;0;0;0;0;0;00:00:00:000000;00:00:00:000000;00:00:00:000000;00:00:00:000000;
2016-10-05	11:51:50.281480	1475657510.281480;2016-10-05	11:56:03.685086	1475657763.685086;2016-10-05	11:56:04.687279	1475657764.687279;00:00:01;00:04:14;10;0;11.7922;0;3000;0;0;3000;3000;0;0;0;0;0;0;0;0;0;0;0;0;0;0;0;0;0;0;0;0;0;0;0;0;0;0;0;0;0;0;0;0;0;0;0;0;0;0;0;1;0;0;0;0;0;0;00:00:00:000000;00:00:00:000000;00:00:00:000000;00:00:00:000000;
2016-10-05	11:51:50.281480	1475657510.281480;2016-10-05	11:56:04.687321	1475657764.687321;2016-10-05	11:56:05.688821	1475657765.688821;00:00:01;00:04:15;10;0;11.746;0;3000;0;0;3000;3000;0;0;0;0;0;0;0;0;0;0;0;0;0;0;0;0;0;0;0;0;0;0;0;0;0;0;0;0;0;0;0;0;0;0;0;0;0;0;0;1;0;0;0;0;0;0;00:00:00:000000;00:00:00:000000;00:00:00:000000;00:00:00:000000;
2016-10-05	11:51:50.281480	1475657510.281480;2016-10-05	11:56:05.688879	1475657765.688879;2016-10-05	11:56:06.691214	1475657766.691214;00:00:01;00:04:16;10;0;11.7001;0;3000;0;0;3000;3000;0;0;0;0;0;0;0;0;0;0;0;0;0;0;0;0;0;0;0;0;0;0;0;0;0;0;0;0;0;0;0;0;0;0;0;0;0;0;0;1;0;0;0;0;0;0;00:00:00:000000;00:00:00:000000;00:00:00:000000;00:00:00:000000;
2016-10-05	11:51:50.281480	1475657510.281480;2016-10-05	11:56:06.691251	1475657766.691251;2016-10-05	11:56:07.692174	1475657767.692174;00:00:01;00:04:17;10;0;11.6546;0;3000;0;0;3000;3000;0;0;0;0;0;0;0;0;0;0;0;0;0;0;0;0;0;0;0;0;0;0;0;0;0;0;0;0;0;0;0;0;0;0;0;0;0;0;0;1;0;0;0;0;0;0;00:00:00:000000;00:00:00:000000;00:00:00:000000;00:00:00:000000;
2016-10-05	11:51:50.281480	1475657510.281480;2016-10-05	11:56:07.692228	1475657767.692228;2016-10-05	11:56:08.692923	1475657768.692923;00:00:01;00:04:18;10;0;11.6094;0;3000;0;0;3000;3000;0;0;0;0;0;0;0;0;0;0;0;0;0;0;0;0;0;0;0;0;0;0;0;0;0;0;0;0;0;0;0;0;0;0;0;0;0;0;0;1;0;0;0;0;0;0;00:00:00:000000;00:00:00:000000;00:00:00:000000;00:00:00:000000;
2016-10-05	11:51:50.281480	1475657510.281480;2016-10-05	11:56:08.692969	1475657768.692969;2016-10-05	11:56:09.693447	1475657769.693447;00:00:01;00:04:19;10;0;11.5647;0;3000;0;0;3000;3000;0;0;0;0;0;0;0;0;0;0;0;0;0;0;0;0;0;0;0;0;0;0;0;0;0;0;0;0;0;0;0;0;0;0;0;0;0;0;0;1;0;0;0;0;0;0;00:00:00:000000;00:00:00:000000;00:00:00:000000;00:00:00:000000;
2016-10-05	11:51:50.281480	1475657510.281480;2016-10-05	11:56:09.693482	1475657769.693482;2016-10-05	11:56:10.695658	1475657770.695658;00:00:01;00:04:20;10;0;11.5201;0;3000;0;0;3000;3000;0;0;0;0;0;0;0;0;0;0;0;0;0;0;0;0;0;0;0;0;0;0;0;0;0;0;0;0;0;0;0;0;0;0;0;0;0;0;0;1;0;0;0;0;0;0;00:00:00:000000;00:00:00:000000;00:00:00:000000;00:00:00:000000;
2016-10-05	11:51:50.281480	1475657510.281480;2016-10-05	11:56:10.695716	1475657770.695716;2016-10-05	11:56:11.697233	1475657771.697233;00:00:01;00:04:21;10;0;11.476;0;3000;0;0;3000;3000;0;0;0;0;0;0;0;0;0;0;0;0;0;0;0;0;0;0;0;0;0;0;0;0;0;0;0;0;0;0;0;0;0;0;0;0;0;0;0;1;0;0;0;0;0;0;00:00:00:000000;00:00:00:000000;00:00:00:000000;00:00:00:000000;
2016-10-05	11:51:50.281480	1475657510.281480;2016-10-05	11:56:11.697273	1475657771.697273;2016-10-05	11:56:12.699255	1475657772.699255;00:00:01;00:04:22;10;0;11.4322;0;3000;0;0;3000;3000;0;0;0;0;0;0;0;0;0;0;0;0;0;0;0;0;0;0;0;0;0;0;0;0;0;0;0;0;0;0;0;0;0;0;0;0;0;0;0;1;0;0;0;0;0;0;00:00:00:000000;00:00:00:000000;00:00:00:000000;00:00:00:000000;
2016-10-05	11:51:50.281480	1475657510.281480;2016-10-05	11:56:12.699290	1475657772.699290;2016-10-05	11:56:13.699630	1475657773.699630;00:00:01;00:04:23;10;0;11.3887;0;3000;0;0;3000;3000;0;0;0;0;0;0;0;0;0;0;0;0;0;0;0;0;0;0;0;0;0;0;0;0;0;0;0;0;0;0;0;0;0;0;0;0;0;0;0;1;0;0;0;0;0;0;00:00:00:000000;00:00:00:000000;00:00:00:000000;00:00:00:000000;
2016-10-05	11:51:50.281480	1475657510.281480;2016-10-05	11:56:13.699667	1475657773.699667;2016-10-05	11:56:14.700831	1475657774.700831;00:00:01;00:04:24;10;0;11.3456;0;3000;0;0;3000;3000;0;0;0;0;0;0;0;0;0;0;0;0;0;0;0;0;0;0;0;0;0;0;0;0;0;0;0;0;0;0;0;0;0;0;0;0;0;0;0;1;0;0;0;0;0;0;00:00:00:000000;00:00:00:000000;00:00:00:000000;00:00:00:000000;
2016-10-05	11:51:50.281480	1475657510.281480;2016-10-05	11:56:14.700904	1475657774.700904;2016-10-05	11:56:15.701591	1475657775.701591;00:00:01;00:04:25;10;0;11.3028;0;3000;0;0;3000;3000;0;0;0;0;0;0;0;0;0;0;0;0;0;0;0;0;0;0;0;0;0;0;0;0;0;0;0;0;0;0;0;0;0;0;0;0;0;0;0;1;0;0;0;0;0;0;00:00:00:000000;00:00:00:000000;00:00:00:000000;00:00:00:000000;
2016-10-05	11:51:50.281480	1475657510.281480;2016-10-05	11:56:15.701629	1475657775.701629;2016-10-05	11:56:16.704450	1475657776.704450;00:00:01;00:04:26;10;0;11.2603;0;3000;0;0;3000;3000;0;0;0;0;0;0;0;0;0;0;0;0;0;0;0;0;0;0;0;0;0;0;0;0;0;0;0;0;0;0;0;0;0;0;0;0;0;0;0;1;0;0;0;0;0;0;00:00:00:000000;00:00:00:000000;00:00:00:000000;00:00:00:000000;
2016-10-05	11:51:50.281480	1475657510.281480;2016-10-05	11:56:16.704516	1475657776.704516;2016-10-05	11:56:17.705464	1475657777.705464;00:00:01;00:04:27;10;0;11.2182;0;3000;0;0;3000;3000;0;0;0;0;0;0;0;0;0;0;0;0;0;0;0;0;0;0;0;0;0;0;0;0;0;0;0;0;0;0;0;0;0;0;0;0;0;0;0;1;0;0;0;0;0;0;00:00:00:000000;00:00:00:000000;00:00:00:000000;00:00:00:000000;
2016-10-05	11:51:50.281480	1475657510.281480;2016-10-05	11:56:17.705530	1475657777.705530;2016-10-05	11:56:18.706626	1475657778.706626;00:00:01;00:04:28;10;0;11.1763;0;3000;0;0;3000;3000;0;0;0;0;0;0;0;0;0;0;0;0;0;0;0;0;0;0;0;0;0;0;0;0;0;0;0;0;0;0;0;0;0;0;0;0;0;0;0;1;0;0;0;0;0;0;00:00:00:000000;00:00:00:000000;00:00:00:000000;00:00:00:000000;
2016-10-05	11:51:50.281480	1475657510.281480;2016-10-05	11:56:18.706662	1475657778.706662;2016-10-05	11:56:19.708941	1475657779.708941;00:00:01;00:04:29;10;0;11.1347;0;3000;0;0;3000;3000;0;0;0;0;0;0;0;0;0;0;0;0;0;0;0;0;0;0;0;0;0;0;0;0;0;0;0;0;0;0;0;0;0;0;0;0;0;0;0;1;0;0;0;0;0;0;00:00:00:000000;00:00:00:000000;00:00:00:000000;00:00:00:000000;
2016-10-05	11:51:50.281480	1475657510.281480;2016-10-05	11:56:19.708983	1475657779.708983;2016-10-05	11:56:20.710159	1475657780.710159;00:00:01;00:04:30;10;0;11.0935;0;3000;0;0;3000;3000;0;0;0;0;0;0;0;0;0;0;0;0;0;0;0;0;0;0;0;0;0;0;0;0;0;0;0;0;0;0;0;0;0;0;0;0;0;0;0;1;0;0;0;0;0;0;00:00:00:000000;00:00:00:000000;00:00:00:000000;00:00:00:000000;
2016-10-05	11:51:50.281480	1475657510.281480;2016-10-05	11:56:20.710194	1475657780.710194;2016-10-05	11:56:21.710482	1475657781.710482;00:00:01;00:04:31;10;0;11.0526;0;3000;0;0;3000;3000;0;0;0;0;0;0;0;0;0;0;0;0;0;0;0;0;0;0;0;0;0;0;0;0;0;0;0;0;0;0;0;0;0;0;0;0;0;0;0;1;0;0;0;0;0;0;00:00:00:000000;00:00:00:000000;00:00:00:000000;00:00:00:000000;
2016-10-05	11:51:50.281480	1475657510.281480;2016-10-05	11:56:21.710519	1475657781.710519;2016-10-05	11:56:22.711837	1475657782.711837;00:00:01;00:04:32;10;0;11.012;0;3000;0;0;3000;3000;0;0;0;0;0;0;0;0;0;0;0;0;0;0;0;0;0;0;0;0;0;0;0;0;0;0;0;0;0;0;0;0;0;0;0;0;0;0;0;1;0;0;0;0;0;0;00:00:00:000000;00:00:00:000000;00:00:00:000000;00:00:00:000000;
2016-10-05	11:51:50.281480	1475657510.281480;2016-10-05	11:56:22.711875	1475657782.711875;2016-10-05	11:56:23.712985	1475657783.712985;00:00:01;00:04:33;10;0;10.9717;0;3000;0;0;3000;3000;0;0;0;0;0;0;0;0;0;0;0;0;0;0;0;0;0;0;0;0;0;0;0;0;0;0;0;0;0;0;0;0;0;0;0;0;0;0;0;1;0;0;0;0;0;0;00:00:00:000000;00:00:00:000000;00:00:00:000000;00:00:00:000000;
2016-10-05	11:51:50.281480	1475657510.281480;2016-10-05	11:56:23.713021	1475657783.713021;2016-10-05	11:56:24.714034	1475657784.714034;00:00:01;00:04:34;10;0;10.9317;0;3000;0;0;3000;3000;0;0;0;0;0;0;0;0;0;0;0;0;0;0;0;0;0;0;0;0;0;0;0;0;0;0;0;0;0;0;0;0;0;0;0;0;0;0;0;1;0;0;0;0;0;0;00:00:00:000000;00:00:00:000000;00:00:00:000000;00:00:00:000000;
2016-10-05	11:51:50.281480	1475657510.281480;2016-10-05	11:56:24.714114	1475657784.714114;2016-10-05	11:56:25.715593	1475657785.715593;00:00:01;00:04:35;10;0;10.8919;0;3000;0;0;3000;3000;0;0;0;0;0;0;0;0;0;0;0;0;0;0;0;0;0;0;0;0;0;0;0;0;0;0;0;0;0;0;0;0;0;0;0;0;0;0;0;1;0;0;0;0;0;0;00:00:00:000000;00:00:00:000000;00:00:00:000000;00:00:00:000000;
2016-10-05	11:51:50.281480	1475657510.281480;2016-10-05	11:56:25.715639	1475657785.715639;2016-10-05	11:56:26.717382	1475657786.717382;00:00:01;00:04:36;10;0;10.8525;0;3000;0;0;3000;3000;0;0;0;0;0;0;0;0;0;0;0;0;0;0;0;0;0;0;0;0;0;0;0;0;0;0;0;0;0;0;0;0;0;0;0;0;0;0;0;1;0;0;0;0;0;0;00:00:00:000000;00:00:00:000000;00:00:00:000000;00:00:00:000000;
2016-10-05	11:51:50.281480	1475657510.281480;2016-10-05	11:56:26.717417	1475657786.717417;2016-10-05	11:56:27.718622	1475657787.718622;00:00:01;00:04:37;10;0;10.8133;0;3000;0;0;3000;3000;0;0;0;0;0;0;0;0;0;0;0;0;0;0;0;0;0;0;0;0;0;0;0;0;0;0;0;0;0;0;0;0;0;0;0;0;0;0;0;1;0;0;0;0;0;0;00:00:00:000000;00:00:00:000000;00:00:00:000000;00:00:00:000000;
2016-10-05	11:51:50.281480	1475657510.281480;2016-10-05	11:56:27.718665	1475657787.718665;2016-10-05	11:56:28.719746	1475657788.719746;00:00:01;00:04:38;10;0;10.7744;0;3000;0;0;3000;3000;0;0;0;0;0;0;0;0;0;0;0;0;0;0;0;0;0;0;0;0;0;0;0;0;0;0;0;0;0;0;0;0;0;0;0;0;0;0;0;1;0;0;0;0;0;0;00:00:00:000000;00:00:00:000000;00:00:00:000000;00:00:00:000000;
2016-10-05	11:51:50.281480	1475657510.281480;2016-10-05	11:56:28.719782	1475657788.719782;2016-10-05	11:56:29.721412	1475657789.721412;00:00:01;00:04:39;10;0;10.7358;0;3000;0;0;3000;3000;0;0;0;0;0;0;0;0;0;0;0;0;0;0;0;0;0;0;0;0;0;0;0;0;0;0;0;0;0;0;0;0;0;0;0;0;0;0;0;1;0;0;0;0;0;0;00:00:00:000000;00:00:00:000000;00:00:00:000000;00:00:00:000000;
2016-10-05	11:51:50.281480	1475657510.281480;2016-10-05	11:56:29.721488	1475657789.721488;2016-10-05	11:56:30.721903	1475657790.721903;00:00:01;00:04:40;10;0;10.6975;0;3000;0;0;3000;3000;0;0;0;0;0;0;0;0;0;0;0;0;0;0;0;0;0;0;0;0;0;0;0;0;0;0;0;0;0;0;0;0;0;0;0;0;0;0;0;1;0;0;0;0;0;0;00:00:00:000000;00:00:00:000000;00:00:00:000000;00:00:00:000000;
2016-10-05	11:51:50.281480	1475657510.281480;2016-10-05	11:56:30.721943	1475657790.721943;2016-10-05	11:56:31.724407	1475657791.724407;00:00:01;00:04:41;10;0;10.6594;0;3000;0;0;3000;3000;0;0;0;0;0;0;0;0;0;0;0;0;0;0;0;0;0;0;0;0;0;0;0;0;0;0;0;0;0;0;0;0;0;0;0;0;0;0;0;1;0;0;0;0;0;0;00:00:00:000000;00:00:00:000000;00:00:00:000000;00:00:00:000000;
2016-10-05	11:51:50.281480	1475657510.281480;2016-10-05	11:56:31.724449	1475657791.724449;2016-10-05	11:56:32.724989	1475657792.724989;00:00:01;00:04:42;10;0;10.6216;0;3000;0;0;3000;3000;0;0;0;0;0;0;0;0;0;0;0;0;0;0;0;0;0;0;0;0;0;0;0;0;0;0;0;0;0;0;0;0;0;0;0;0;0;0;0;1;0;0;0;0;0;0;00:00:00:000000;00:00:00:000000;00:00:00:000000;00:00:00:000000;
2016-10-05	11:51:50.281480	1475657510.281480;2016-10-05	11:56:32.725030	1475657792.725030;2016-10-05	11:56:33.727202	1475657793.727202;00:00:01;00:04:43;10;0;10.5841;0;3000;0;0;3000;3000;0;0;0;0;0;0;0;0;0;0;0;0;0;0;0;0;0;0;0;0;0;0;0;0;0;0;0;0;0;0;0;0;0;0;0;0;0;0;0;1;0;0;0;0;0;0;00:00:00:000000;00:00:00:000000;00:00:00:000000;00:00:00:000000;
2016-10-05	11:51:50.281480	1475657510.281480;2016-10-05	11:56:33.727241	1475657793.727241;2016-10-05	11:56:34.727949	1475657794.727949;00:00:01;00:04:44;10;0;10.5468;0;3000;0;0;3000;3000;0;0;0;0;0;0;0;0;0;0;0;0;0;0;0;0;0;0;0;0;0;0;0;0;0;0;0;0;0;0;0;0;0;0;0;0;0;0;0;1;0;0;0;0;0;0;00:00:00:000000;00:00:00:000000;00:00:00:000000;00:00:00:000000;
2016-10-05	11:51:50.281480	1475657510.281480;2016-10-05	11:56:34.728032	1475657794.728032;2016-10-05	11:56:35.729660	1475657795.729660;00:00:01;00:04:45;10;0;10.5098;0;3000;0;0;3000;3000;0;0;0;0;0;0;0;0;0;0;0;0;0;0;0;0;0;0;0;0;0;0;0;0;0;0;0;0;0;0;0;0;0;0;0;0;0;0;0;1;0;0;0;0;0;0;00:00:00:000000;00:00:00:000000;00:00:00:000000;00:00:00:000000;
2016-10-05	11:51:50.281480	1475657510.281480;2016-10-05	11:56:35.729712	1475657795.729712;2016-10-05	11:56:36.731914	1475657796.731914;00:00:01;00:04:46;10;0;10.473;0;3000;0;0;3000;3000;0;0;0;0;0;0;0;0;0;0;0;0;0;0;0;0;0;0;0;0;0;0;0;0;0;0;0;0;0;0;0;0;0;0;0;0;0;0;0;1;0;0;0;0;0;0;00:00:00:000000;00:00:00:000000;00:00:00:000000;00:00:00:000000;
2016-10-05	11:51:50.281480	1475657510.281480;2016-10-05	11:56:36.732010	1475657796.732010;2016-10-05	11:56:37.733774	1475657797.733774;00:00:01;00:04:47;10;0;10.4365;0;3000;0;0;3000;3000;0;0;0;0;0;0;0;0;0;0;0;0;0;0;0;0;0;0;0;0;0;0;0;0;0;0;0;0;0;0;0;0;0;0;0;0;0;0;0;1;0;0;0;0;0;0;00:00:00:000000;00:00:00:000000;00:00:00:000000;00:00:00:000000;
2016-10-05	11:51:50.281480	1475657510.281480;2016-10-05	11:56:37.733827	1475657797.733827;2016-10-05	11:56:38.736469	1475657798.736469;00:00:01;00:04:48;10;0;10.4003;0;3000;0;0;3000;3000;0;0;0;0;0;0;0;0;0;0;0;0;0;0;0;0;0;0;0;0;0;0;0;0;0;0;0;0;0;0;0;0;0;0;0;0;0;0;0;1;0;0;0;0;0;0;00:00:00:000000;00:00:00:000000;00:00:00:000000;00:00:00:000000;
2016-10-05	11:51:50.281480	1475657510.281480;2016-10-05	11:56:38.736520	1475657798.736520;2016-10-05	11:56:39.738745	1475657799.738745;00:00:01;00:04:49;10;0;10.3642;0;3000;0;0;3000;3000;0;0;0;0;0;0;0;0;0;0;0;0;0;0;0;0;0;0;0;0;0;0;0;0;0;0;0;0;0;0;0;0;0;0;0;0;0;0;0;1;0;0;0;0;0;0;00:00:00:000000;00:00:00:000000;00:00:00:000000;00:00:00:000000;
2016-10-05	11:51:50.281480	1475657510.281480;2016-10-05	11:56:39.738845	1475657799.738845;2016-10-05	11:56:40.741319	1475657800.741319;00:00:01;00:04:50;10;0;10.3285;0;3000;0;0;3000;3000;0;0;0;0;0;0;0;0;0;0;0;0;0;0;0;0;0;0;0;0;0;0;0;0;0;0;0;0;0;0;0;0;0;0;0;0;0;0;0;1;0;0;0;0;0;0;00:00:00:000000;00:00:00:000000;00:00:00:000000;00:00:00:000000;
2016-10-05	11:51:50.281480	1475657510.281480;2016-10-05	11:56:40.741377	1475657800.741377;2016-10-05	11:56:41.742485	1475657801.742485;00:00:01;00:04:51;10;0;10.293;0;3000;0;0;3000;3000;0;0;0;0;0;0;0;0;0;0;0;0;0;0;0;0;0;0;0;0;0;0;0;0;0;0;0;0;0;0;0;0;0;0;0;0;0;0;0;1;0;0;0;0;0;0;00:00:00:000000;00:00:00:000000;00:00:00:000000;00:00:00:000000;
2016-10-05	11:51:50.281480	1475657510.281480;2016-10-05	11:56:41.742548	1475657801.742548;2016-10-05	11:56:42.743864	1475657802.743864;00:00:01;00:04:52;10;0;10.2577;0;3000;0;0;3000;3000;0;0;0;0;0;0;0;0;0;0;0;0;0;0;0;0;0;0;0;0;0;0;0;0;0;0;0;0;0;0;0;0;0;0;0;0;0;0;0;1;0;0;0;0;0;0;00:00:00:000000;00:00:00:000000;00:00:00:000000;00:00:00:000000;
2016-10-05	11:51:50.281480	1475657510.281480;2016-10-05	11:56:42.743953	1475657802.743953;2016-10-05	11:56:43.744640	1475657803.744640;00:00:01;00:04:53;10;0;10.2228;0;3000;0;0;3000;3000;0;0;0;0;0;0;0;0;0;0;0;0;0;0;0;0;0;0;0;0;0;0;0;0;0;0;0;0;0;0;0;0;0;0;0;0;0;0;0;1;0;0;0;0;0;0;00:00:00:000000;00:00:00:000000;00:00:00:000000;00:00:00:000000;
2016-10-05	11:51:50.281480	1475657510.281480;2016-10-05	11:56:43.744691	1475657803.744691;2016-10-05	11:56:44.746307	1475657804.746307;00:00:01;00:04:54;10;0;10.188;0;3000;0;0;3000;3000;0;0;0;0;0;0;0;0;0;0;0;0;0;0;0;0;0;0;0;0;0;0;0;0;0;0;0;0;0;0;0;0;0;0;0;0;0;0;0;1;0;0;0;0;0;0;00:00:00:000000;00:00:00:000000;00:00:00:000000;00:00:00:000000;
2016-10-05	11:51:50.281480	1475657510.281480;2016-10-05	11:56:44.746366	1475657804.746366;2016-10-05	11:56:45.748268	1475657805.748268;00:00:01;00:04:55;10;0;10.1535;0;3000;0;0;3000;3000;0;0;0;0;0;0;0;0;0;0;0;0;0;0;0;0;0;0;0;0;0;0;0;0;0;0;0;0;0;0;0;0;0;0;0;0;0;0;0;1;0;0;0;0;0;0;00:00:00:000000;00:00:00:000000;00:00:00:000000;00:00:00:000000;
2016-10-05	11:51:50.281480	1475657510.281480;2016-10-05	11:56:45.748302	1475657805.748302;2016-10-05	11:56:46.748906	1475657806.748906;00:00:01;00:04:56;10;0;10.1192;0;3000;0;0;3000;3000;0;0;0;0;0;0;0;0;0;0;0;0;0;0;0;0;0;0;0;0;0;0;0;0;0;0;0;0;0;0;0;0;0;0;0;0;0;0;0;1;0;0;0;0;0;0;00:00:00:000000;00:00:00:000000;00:00:00:000000;00:00:00:000000;
2016-10-05	11:51:50.281480	1475657510.281480;2016-10-05	11:56:46.748957	1475657806.748957;2016-10-05	11:56:47.749980	1475657807.749980;00:00:01;00:04:57;10;0;10.0851;0;3000;0;0;3000;3000;0;0;0;0;0;0;0;0;0;0;0;0;0;0;0;0;0;0;0;0;0;0;0;0;0;0;0;0;0;0;0;0;0;0;0;0;0;0;0;1;0;0;0;0;0;0;00:00:00:000000;00:00:00:000000;00:00:00:000000;00:00:00:000000;
2016-10-05	11:51:50.281480	1475657510.281480;2016-10-05	11:56:47.750027	1475657807.750027;2016-10-05	11:56:48.751005	1475657808.751005;00:00:01;00:04:58;10;0;10.0513;0;3000;0;0;3000;3000;0;0;0;0;0;0;0;0;0;0;0;0;0;0;0;0;0;0;0;0;0;0;0;0;0;0;0;0;0;0;0;0;0;0;0;0;0;0;0;1;0;0;0;0;0;0;00:00:00:000000;00:00:00:000000;00:00:00:000000;00:00:00:000000;
2016-10-05	11:51:50.281480	1475657510.281480;2016-10-05	11:56:48.751057	1475657808.751057;2016-10-05	11:56:49.752020	1475657809.752020;00:00:01;00:04:59;10;0;10.0177;0;3000;0;0;3000;3000;0;0;0;0;0;0;0;0;0;0;0;0;0;0;0;0;0;0;0;0;0;0;0;0;0;0;0;0;0;0;0;0;0;0;0;0;0;0;0;1;0;0;0;0;0;0;00:00:00:000000;00:00:00:000000;00:00:00:000000;00:00:00:000000;
2016-10-05	11:51:50.281480	1475657510.281480;2016-10-05	11:56:49.752072	1475657809.752072;2016-10-05	11:56:50.752452	1475657810.752452;00:00:01;00:05:00;10;0;9.98436;0;3000;0;0;3000;3000;0;0;0;0;0;0;0;0;0;0;0;0;0;0;0;0;0;0;0;0;0;0;0;0;0;0;0;0;0;0;0;0;0;0;0;0;0;0;0;1;0;0;0;0;0;0;00:00:00:000000;00:00:00:000000;00:00:00:000000;00:00:00:000000;
2016-10-05	11:51:50.281480	1475657510.281480;2016-10-05	11:56:50.752524	1475657810.752524;2016-10-05	11:56:51.753645	1475657811.753645;00:00:01;00:05:01;10;0;9.95117;0;3000;0;0;3000;3000;0;0;0;0;0;0;0;0;0;0;0;0;0;0;0;0;0;0;0;0;0;0;0;0;0;0;0;0;0;0;0;0;0;0;0;0;0;0;0;1;0;0;0;0;0;0;00:00:00:000000;00:00:00:000000;00:00:00:000000;00:00:00:000000;
2016-10-05	11:51:50.281480	1475657510.281480;2016-10-05	11:56:51.753697	1475657811.753697;2016-10-05	11:56:52.756115	1475657812.756115;00:00:01;00:05:02;10;0;9.91821;0;3000;0;0;3000;3000;0;0;0;0;0;0;0;0;0;0;0;0;0;0;0;0;0;0;0;0;0;0;0;0;0;0;0;0;0;0;0;0;0;0;0;0;0;0;0;1;0;0;0;0;0;0;00:00:00:000000;00:00:00:000000;00:00:00:000000;00:00:00:000000;
2016-10-05	11:51:50.281480	1475657510.281480;2016-10-05	11:56:52.756161	1475657812.756161;2016-10-05	11:56:53.756835	1475657813.756835;00:00:01;00:05:03;10;0;9.88549;0;3000;0;0;3000;3000;0;0;0;0;0;0;0;0;0;0;0;0;0;0;0;0;0;0;0;0;0;0;0;0;0;0;0;0;0;0;0;0;0;0;0;0;0;0;0;1;0;0;0;0;0;0;00:00:00:000000;00:00:00:000000;00:00:00:000000;00:00:00:000000;
2016-10-05	11:51:50.281480	1475657510.281480;2016-10-05	11:56:53.756921	1475657813.756921;2016-10-05	11:56:54.757418	1475657814.757418;00:00:01;00:05:04;10;0;9.85303;0;3000;0;0;3000;3000;0;0;0;0;0;0;0;0;0;0;0;0;0;0;0;0;0;0;0;0;0;0;0;0;0;0;0;0;0;0;0;0;0;0;0;0;0;0;0;1;0;0;0;0;0;0;00:00:00:000000;00:00:00:000000;00:00:00:000000;00:00:00:000000;
2016-10-05	11:51:50.281480	1475657510.281480;2016-10-05	11:56:54.757470	1475657814.757470;2016-10-05	11:56:55.759099	1475657815.759099;00:00:01;00:05:05;10;0;9.82071;0;3000;0;0;3000;3000;0;0;0;0;0;0;0;0;0;0;0;0;0;0;0;0;0;0;0;0;0;0;0;0;0;0;0;0;0;0;0;0;0;0;0;0;0;0;0;1;0;0;0;0;0;0;00:00:00:000000;00:00:00:000000;00:00:00:000000;00:00:00:000000;
2016-10-05	11:51:50.281480	1475657510.281480;2016-10-05	11:56:55.759153	1475657815.759153;2016-10-05	11:56:56.761114	1475657816.761114;00:00:01;00:05:06;10;0;9.7886;0;3000;0;0;3000;3000;0;0;0;0;0;0;0;0;0;0;0;0;0;0;0;0;0;0;0;0;0;0;0;0;0;0;0;0;0;0;0;0;0;0;0;0;0;0;0;1;0;0;0;0;0;0;00:00:00:000000;00:00:00:000000;00:00:00:000000;00:00:00:000000;
2016-10-05	11:51:50.281480	1475657510.281480;2016-10-05	11:56:56.761186	1475657816.761186;2016-10-05	11:56:57.761652	1475657817.761652;00:00:01;00:05:07;10;0;9.75673;0;3000;0;0;3000;3000;0;0;0;0;0;0;0;0;0;0;0;0;0;0;0;0;0;0;0;0;0;0;0;0;0;0;0;0;0;0;0;0;0;0;0;0;0;0;0;1;0;0;0;0;0;0;00:00:00:000000;00:00:00:000000;00:00:00:000000;00:00:00:000000;
2016-10-05	11:51:50.281480	1475657510.281480;2016-10-05	11:56:57.761704	1475657817.761704;2016-10-05	11:56:58.762747	1475657818.762747;00:00:01;00:05:08;10;0;9.72507;0;3000;0;0;3000;3000;0;0;0;0;0;0;0;0;0;0;0;0;0;0;0;0;0;0;0;0;0;0;0;0;0;0;0;0;0;0;0;0;0;0;0;0;0;0;0;1;0;0;0;0;0;0;00:00:00:000000;00:00:00:000000;00:00:00:000000;00:00:00:000000;
2016-10-05	11:51:50.281480	1475657510.281480;2016-10-05	11:56:58.762822	1475657818.762822;2016-10-05	11:56:59.765486	1475657819.765486;00:00:01;00:05:09;10;0;9.69355;0;3000;0;0;3000;3000;0;0;0;0;0;0;0;0;0;0;0;0;0;0;0;0;0;0;0;0;0;0;0;0;0;0;0;0;0;0;0;0;0;0;0;0;0;0;0;1;0;0;0;0;0;0;00:00:00:000000;00:00:00:000000;00:00:00:000000;00:00:00:000000;
2016-10-05	11:51:50.281480	1475657510.281480;2016-10-05	11:56:59.765584	1475657819.765584;2016-10-05	11:57:00.767434	1475657820.767434;00:00:01;00:05:10;10;0;9.6623;0;3000;0;0;3000;3000;0;0;0;0;0;0;0;0;0;0;0;0;0;0;0;0;0;0;0;0;0;0;0;0;0;0;0;0;0;0;0;0;0;0;0;0;0;0;0;1;0;0;0;0;0;0;00:00:00:000000;00:00:00:000000;00:00:00:000000;00:00:00:000000;
2016-10-05	11:51:50.281480	1475657510.281480;2016-10-05	11:57:00.767490	1475657820.767490;2016-10-05	11:57:01.769964	1475657821.769964;00:00:01;00:05:11;10;0;9.63119;0;3000;0;0;3000;3000;0;0;0;0;0;0;0;0;0;0;0;0;0;0;0;0;0;0;0;0;0;0;0;0;0;0;0;0;0;0;0;0;0;0;0;0;0;0;0;1;0;0;0;0;0;0;00:00:00:000000;00:00:00:000000;00:00:00:000000;00:00:00:000000;
2016-10-05	11:51:50.281480	1475657510.281480;2016-10-05	11:57:01.770018	1475657821.770018;2016-10-05	11:57:02.772131	1475657822.772131;00:00:01;00:05:12;10;0;9.60031;0;3000;0;0;3000;3000;0;0;0;0;0;0;0;0;0;0;0;0;0;0;0;0;0;0;0;0;0;0;0;0;0;0;0;0;0;0;0;0;0;0;0;0;0;0;0;1;0;0;0;0;0;0;00:00:00:000000;00:00:00:000000;00:00:00:000000;00:00:00:000000;
2016-10-05	11:51:50.281480	1475657510.281480;2016-10-05	11:57:02.772177	1475657822.772177;2016-10-05	11:57:03.773074	1475657823.773074;00:00:01;00:05:13;10;0;9.56965;0;3000;0;0;3000;3000;0;0;0;0;0;0;0;0;0;0;0;0;0;0;0;0;0;0;0;0;0;0;0;0;0;0;0;0;0;0;0;0;0;0;0;0;0;0;0;1;0;0;0;0;0;0;00:00:00:000000;00:00:00:000000;00:00:00:000000;00:00:00:000000;
2016-10-05	11:51:50.281480	1475657510.281480;2016-10-05	11:57:03.773153	1475657823.773153;2016-10-05	11:57:04.775349	1475657824.775349;00:00:01;00:05:14;10;0;9.53916;0;3000;0;0;3000;3000;0;0;0;0;0;0;0;0;0;0;0;0;0;0;0;0;0;0;0;0;0;0;0;0;0;0;0;0;0;0;0;0;0;0;0;0;0;0;0;1;0;0;0;0;0;0;00:00:00:000000;00:00:00:000000;00:00:00:000000;00:00:00:000000;
2016-10-05	11:51:50.281480	1475657510.281480;2016-10-05	11:57:04.775417	1475657824.775417;2016-10-05	11:57:05.775846	1475657825.775846;00:00:01;00:05:15;10;0;9.5089;0;3000;0;0;3000;3000;0;0;0;0;0;0;0;0;0;0;0;0;0;0;0;0;0;0;0;0;0;0;0;0;0;0;0;0;0;0;0;0;0;0;0;0;0;0;0;1;0;0;0;0;0;0;00:00:00:000000;00:00:00:000000;00:00:00:000000;00:00:00:000000;
2016-10-05	11:51:50.281480	1475657510.281480;2016-10-05	11:57:05.775918	1475657825.775918;2016-10-05	11:57:06.776419	1475657826.776419;00:00:01;00:05:16;10;0;9.47885;0;3000;0;0;3000;3000;0;0;0;0;0;0;0;0;0;0;0;0;0;0;0;0;0;0;0;0;0;0;0;0;0;0;0;0;0;0;0;0;0;0;0;0;0;0;0;1;0;0;0;0;0;0;00:00:00:000000;00:00:00:000000;00:00:00:000000;00:00:00:000000;
2016-10-05	11:51:50.281480	1475657510.281480;2016-10-05	11:57:06.776491	1475657826.776491;2016-10-05	11:57:07.778446	1475657827.778446;00:00:01;00:05:17;10;0;9.44894;0;3000;0;0;3000;3000;0;0;0;0;0;0;0;0;0;0;0;0;0;0;0;0;0;0;0;0;0;0;0;0;0;0;0;0;0;0;0;0;0;0;0;0;0;0;0;1;0;0;0;0;0;0;00:00:00:000000;00:00:00:000000;00:00:00:000000;00:00:00:000000;
2016-10-05	11:51:50.281480	1475657510.281480;2016-10-05	11:57:07.778515	1475657827.778515;2016-10-05	11:57:08.779510	1475657828.779510;00:00:01;00:05:18;10;0;9.41921;0;3000;0;0;3000;3000;0;0;0;0;0;0;0;0;0;0;0;0;0;0;0;0;0;0;0;0;0;0;0;0;0;0;0;0;0;0;0;0;0;0;0;0;0;0;0;1;0;0;0;0;0;0;00:00:00:000000;00:00:00:000000;00:00:00:000000;00:00:00:000000;
2016-10-05	11:51:50.281480	1475657510.281480;2016-10-05	11:57:08.779588	1475657828.779588;2016-10-05	11:57:09.781158	1475657829.781158;00:00:01;00:05:19;10;0;9.3897;0;3000;0;0;3000;3000;0;0;0;0;0;0;0;0;0;0;0;0;0;0;0;0;0;0;0;0;0;0;0;0;0;0;0;0;0;0;0;0;0;0;0;0;0;0;0;1;0;0;0;0;0;0;00:00:00:000000;00:00:00:000000;00:00:00:000000;00:00:00:000000;
2016-10-05	11:51:50.281480	1475657510.281480;2016-10-05	11:57:09.781210	1475657829.781210;2016-10-05	11:57:10.782293	1475657830.782293;00:00:01;00:05:20;10;0;9.36037;0;3000;0;0;3000;3000;0;0;0;0;0;0;0;0;0;0;0;0;0;0;0;0;0;0;0;0;0;0;0;0;0;0;0;0;0;0;0;0;0;0;0;0;0;0;0;1;0;0;0;0;0;0;00:00:00:000000;00:00:00:000000;00:00:00:000000;00:00:00:000000;
2016-10-05	11:51:50.281480	1475657510.281480;2016-10-05	11:57:10.782341	1475657830.782341;2016-10-05	11:57:10.923732	1475657830.923732;00:00:00;00:05:20;10;0;9.35623;0;3000;0;0;3000;3000;0;0;0;0;0;0;0;0;0;0;0;0;0;0;0;0;0;0;0;0;0;0;0;0;0;0;0;0;0;0;0;0;0;0;0;0;0;0;0;1;0;0;0;0;0;0;00:00:00:000000;00:00:00:000000;00:00:00:000000;00:00:00:000000;
